{"name":"1CRN (synthetic confidence)","length":46,"plddt":[65.9,64.5,68.9,69,71.9,78.9,77.6,80.6,88.5,87.2,90.6,92.1,92.6,87.3,89.7,88.6,89.2,91.2,91.2,92.6,88.4,87.3,67.6,64.3,65.8,64.5,66.9,91.1,90.7,93,88.5,90.5,87.7,83.8,86,83.5,78.9,78.6,75.1,72.6,71.2,65.9,64.2,59.1,56.2,56.8],"pae":[[0.56,0.97,1.31,1.7,1.9,1.44,2.16,1.65,2.65,2.74,2.08,3.12,2.63,2.86,2.66,3.17,3.86,3.87,4.1,4.27,4.13,3.84,3.87,16.74,16.86,16.59,17.11,17.39,17.62,17.81,17.95,17.43,17.67,17.77,18.18,17.78,18.29,18.97,18.65,19.06,18.63,18.81,19.37,19.12,19.86,20.1],[0.97,0.69,0.96,1.53,1.28,1.4,1.76,2.24,2.43,2.36,1.92,2.4,2.87,2.55,2.9,2.87,2.76,3.31,3.51,3.69,4.02,3.84,3.77,15.98,16.06,16.56,16.74,17.26,16.6,17.47,17.67,17.94,17.8,17.97,17.6,18.58,18,18.13,18.64,18.69,18.41,18.75,19.37,19.46,19.51,20.08],[1.31,0.96,0.75,0.87,1.18,1.29,2.05,2.1,2.38,2.43,2.61,2.34,2.98,2.65,2.8,2.94,2.83,3.4,3.83,4.01,3.3,4.18,3.89,16.45,16.3,16.36,16.74,16.75,16.56,17.23,17.37,17.84,17.56,17.89,17.45,18.19,18.39,17.93,18.2,18.82,18.82,18.52,19.34,18.8,19.5,19.68],[1.7,1.53,0.87,0.72,0.8,0.92,1.6,1.51,2.2,1.86,2.09,1.93,2.79,2.53,3.08,3.1,2.77,2.62,3.04,2.94,3.32,3.74,3.4,15.89,15.84,16.6,16.12,16.26,17.17,16.64,17.37,16.94,17.69,17.29,17.71,18.07,18.17,18.19,18.45,18.39,18.46,19.07,18.93,19.11,19.08,19],[1.9,1.28,1.18,0.8,0.6,1.35,1.02,1.94,1.51,2.12,1.78,2.14,2.48,2.68,2.84,2.3,2.63,2.87,2.91,3.63,3.01,3.66,3.7,15.62,15.86,16.07,16.42,16.13,16.47,16.56,17.29,17.23,17.06,17.66,17.07,17.29,18.13,17.9,17.68,18.71,18.14,18.69,19.04,19.27,19.38,19.64],[1.44,1.4,1.29,0.92,1.35,0.95,0.97,1.45,1.55,1.11,1.81,1.7,2.09,2.13,2.31,2.31,3.04,3.25,2.94,3.35,3.27,3.54,3.09,15.55,16.12,16.5,16.32,16.53,16.24,16.87,16.81,16.58,17.46,16.7,17.63,17.78,18.07,18.19,18.18,18.4,18.39,18.63,18.35,19.15,18.52,18.98],[2.16,1.76,2.05,1.6,1.02,0.97,0.65,1.61,1.05,1.59,1.97,1.73,2.05,1.73,2.47,2.68,2.14,2.88,2.84,2.74,3.42,2.75,3.89,15.3,15.62,16.25,15.52,16.61,16.49,16.51,16.19,16.37,17.36,16.75,17.37,17.54,17.18,17.87,18.12,17.83,18.32,17.76,18.64,19.02,18.56,19.3],[1.65,2.24,2.1,1.51,1.94,1.45,1.61,1.21,1.1,1.51,1.82,1.58,1.82,2.33,2.22,2.29,2.55,2.77,2.44,2.51,2.61,2.81,3.13,14.93,15.2,15.67,15.71,16.34,16.02,16.63,16.22,16.42,16.46,16.57,17.27,17.64,17.75,17.69,18.02,17.41,17.91,17.71,17.77,18.11,18.45,18.54],[2.65,2.43,2.38,2.2,1.51,1.55,1.05,1.1,1.45,0.9,0.94,1.89,1.83,1.38,1.46,1.61,1.87,1.87,2.44,3.11,2.76,3.39,2.76,14.97,15.85,15.52,15.79,16.1,15.75,16.62,16.35,16.95,16.59,16.31,16.43,17.09,17.5,17.68,17.76,17.87,17.4,17.91,17.85,17.92,18.87,19],[2.74,2.36,2.43,1.86,2.12,1.11,1.59,1.51,0.9,1.09,1.56,0.91,1.34,1.98,2.2,2.06,2.18,2.63,2.53,2.06,3.03,3.12,3.12,14.75,15.06,14.98,15.4,15.3,15.49,15.83,16.13,16.43,16.33,17.1,17.06,16.7,17.27,17.34,17.62,17.29,17.43,17.36,18.41,18.22,18.68,18.04],[2.08,1.92,2.61,2.09,1.78,1.81,1.97,1.82,0.94,1.56,1.11,0.69,1.57,1.65,1.83,1.27,2.17,2.52,2.29,2.83,2.09,2.95,2.92,15.26,15.05,15.54,15.46,15.69,15.89,15.42,16.5,16.08,16.79,16.86,16.56,16.3,16.73,17.37,16.77,17.21,17.2,17.41,17.38,17.89,17.87,17.86],[3.12,2.4,2.34,1.93,2.14,1.7,1.73,1.58,1.89,0.91,0.69,0.75,1.1,1.5,1.64,1.92,1.27,1.63,2.45,2.49,2.1,2.86,2.37,14.4,14.84,15.31,14.81,14.91,15.61,15.79,15.65,16.33,15.84,16.52,16.76,16.96,16.74,16.77,17,17.45,16.99,17.95,17.87,17.62,17.5,18.24],[2.63,2.87,2.98,2.79,2.48,2.09,2.05,1.82,1.83,1.34,1.57,1.1,1.46,0.88,1.47,1.09,2.08,2.13,1.95,2.1,2.63,2.52,2.85,14.61,14.31,14.93,15.38,15.72,15.3,15.87,15.94,16.05,16.35,16.06,16.78,16.71,17.03,16.49,16.64,17.16,17.5,16.98,17.81,17.79,17.91,17.7],[2.86,2.55,2.65,2.53,2.68,2.13,1.73,2.33,1.38,1.98,1.65,1.5,0.88,1.39,1.19,1.68,1.07,1.93,1.31,1.68,2.09,2.69,2.57,14.98,14.5,15.02,14.49,15.17,15.02,15.36,15.07,15.8,15.87,15.88,16.59,15.98,16.92,16.79,16.48,16.72,16.57,17.49,16.98,17.39,18.11,17.95],[2.66,2.9,2.8,3.08,2.84,2.31,2.47,2.22,1.46,2.2,1.83,1.64,1.47,1.19,1.29,0.83,0.81,1.65,1.28,2.05,1.69,1.98,1.78,13.86,14.84,14.75,15.06,14.9,14.72,15.09,15.02,15.26,15.36,15.36,15.92,15.75,16.42,16.78,16.48,16.37,16.84,17.06,16.83,17.1,17.06,17.19],[3.17,2.87,2.94,3.1,2.3,2.31,2.68,2.29,1.61,2.06,1.27,1.92,1.09,1.68,0.83,1.32,0.81,1.62,1.08,1.29,2.12,2.25,2.13,13.99,13.94,14.49,14.87,14.56,15.36,15.39,14.99,15.61,15.18,15.29,15.84,16.48,15.99,16.5,15.96,17.04,16.33,16.85,17.53,17,16.87,17.62],[3.86,2.76,2.83,2.77,2.63,3.04,2.14,2.55,1.87,2.18,2.17,1.27,2.08,1.07,0.81,0.81,0.68,1.27,1.75,1.62,1.79,2.14,1.59,14.08,13.9,14.49,14.19,14.8,14.41,15.07,15.52,15.39,15.9,15.09,15.39,15.55,16.02,15.65,16.28,16.05,16.34,16.64,16.73,16.76,16.93,17.85],[3.87,3.31,3.4,2.62,2.87,3.25,2.88,2.77,1.87,2.63,2.52,1.63,2.13,1.93,1.65,1.62,1.27,0.82,1.45,1.08,1.61,1.84,1.25,14.34,13.93,13.9,14.4,14.89,14.36,14.61,15.37,14.78,15.66,15.86,16.04,15.8,16.03,16.07,16.3,16.15,16.55,16.89,16.39,17.25,17.24,17.67],[4.1,3.51,3.83,3.04,2.91,2.94,2.84,2.44,2.44,2.53,2.29,2.45,1.95,1.31,1.28,1.08,1.75,1.45,1.29,1,1.1,1.29,1.38,13.92,14.37,14.25,14.36,14.51,14.47,15.03,14.88,15.18,15.28,15.56,15.47,15.45,15.21,16.1,15.68,16.6,16.36,16.9,16.46,16.94,16.48,16.64],[4.27,3.69,4.01,2.94,3.63,3.35,2.74,2.51,3.11,2.06,2.83,2.49,2.1,1.68,2.05,1.29,1.62,1.08,1,0.72,0.81,1.78,1.94,13.2,13.98,13.68,13.9,14.28,13.93,14.37,14.6,14.7,15.02,14.76,14.75,15.89,15.86,15.41,15.99,16.21,16.34,16.59,16.37,16.96,17.06,16.49],[4.13,4.02,3.3,3.32,3.01,3.27,3.42,2.61,2.76,3.03,2.09,2.1,2.63,2.09,1.69,2.12,1.79,1.61,1.1,0.81,0.56,1.62,1.25,13.36,13.84,13.85,14.02,14.38,14.3,14.15,14.84,14.31,14.8,15.05,15.12,14.8,14.94,15.38,15.97,16.22,16.04,15.9,16.76,16.4,16.16,16.7],[3.84,3.84,4.18,3.74,3.66,3.54,2.75,2.81,3.39,3.12,2.95,2.86,2.52,2.69,1.98,2.25,2.14,1.84,1.29,1.78,1.62,0.74,1.06,13.43,13.57,13.5,14.16,13.61,14,14.34,14.84,14.62,14.87,14.42,15.01,15.34,15.32,15.46,15.76,15.62,15.39,16.31,16.55,15.91,16.41,16.88],[3.87,3.77,3.89,3.4,3.7,3.09,3.89,3.13,2.76,3.12,2.92,2.37,2.85,2.57,1.78,2.13,1.59,1.25,1.38,1.94,1.25,1.06,1.26,12.7,13.08,13.09,13.89,13.6,14.32,14,13.86,14.38,14.89,14.5,14.72,14.72,14.9,15.07,15.2,15.4,15.86,15.82,15.78,16.45,16.38,16.21],[16.74,15.98,16.45,15.89,15.62,15.55,15.3,14.93,14.97,14.75,15.26,14.4,14.61,14.98,13.86,13.99,14.08,14.34,13.92,13.2,13.36,13.43,12.7,1.1,0.76,1.23,1.83,1.34,2.12,2.3,2.4,2.61,2.24,2.51,2.42,2.42,3.26,3.58,3.11,3.7,3.83,3.28,3.91,3.75,4.28,3.9],[16.86,16.06,16.3,15.84,15.86,16.12,15.62,15.2,15.85,15.06,15.05,14.84,14.31,14.5,14.84,13.94,13.9,13.93,14.37,13.98,13.84,13.57,13.08,0.76,0.83,1.24,1.11,1.35,1.57,1.79,1.59,2.38,2.06,2.61,2.41,2.58,3.25,2.89,3.07,3.68,3.42,3.09,3.54,3.51,3.68,3.91],[16.59,16.56,16.36,16.6,16.07,16.5,16.25,15.67,15.52,14.98,15.54,15.31,14.93,15.02,14.75,14.49,14.49,13.9,14.25,13.68,13.85,13.5,13.09,1.23,1.24,0.76,1.11,0.91,1.87,2.04,1.59,2.23,2.13,1.79,2.11,2.01,2.32,2.79,3.43,2.79,3.68,3.02,3.84,4.14,3.66,3.59],[17.11,16.74,16.74,16.12,16.42,16.32,15.52,15.71,15.79,15.4,15.46,14.81,15.38,14.49,15.06,14.87,14.19,14.4,14.36,13.9,14.02,14.16,13.89,1.83,1.11,1.11,1.29,1.39,1.44,1.73,1.24,2.15,2.34,2.45,2.07,1.97,2.16,3.13,2.35,3.01,2.81,3.53,3.34,3.12,3.34,3.56],[17.39,17.26,16.75,16.26,16.13,16.53,16.61,16.34,16.1,15.3,15.69,14.91,15.72,15.17,14.9,14.56,14.8,14.89,14.51,14.28,14.38,13.61,13.6,1.34,1.35,0.91,1.39,1.3,1.08,1.7,0.95,1.16,1.31,2.3,1.57,2.4,2.82,2.24,2.33,3.03,2.72,3.55,3.13,3.84,3.18,3.45],[17.62,16.6,16.56,17.17,16.47,16.24,16.49,16.02,15.75,15.49,15.89,15.61,15.3,15.02,14.72,15.36,14.41,14.36,14.47,13.93,14.3,14,14.32,2.12,1.57,1.87,1.44,1.08,0.68,1.28,1.28,1.18,1.65,1.8,2.23,1.66,2.26,2.03,2.34,2.56,2.68,3.05,2.89,3.7,3.65,3.72],[17.81,17.47,17.23,16.64,16.56,16.87,16.51,16.63,16.62,15.83,15.42,15.79,15.87,15.36,15.09,15.39,15.07,14.61,15.03,14.37,14.15,14.34,14,2.3,1.79,2.04,1.73,1.7,1.28,1.03,1.58,1.36,1.78,1.73,1.74,1.51,2.45,2.47,2.83,2.17,2.71,2.79,2.74,2.89,3.23,3.2],[17.95,17.67,17.37,17.37,17.29,16.81,16.19,16.22,16.35,16.13,16.5,15.65,15.94,15.07,15.02,14.99,15.52,15.37,14.88,14.6,14.84,14.84,13.86,2.4,1.59,1.59,1.24,0.95,1.28,1.58,1.43,1.17,1.32,1.91,1.71,1.75,1.52,2.54,2.22,2.26,2.42,2.54,2.41,2.87,3.41,3.51],[17.43,17.94,17.84,16.94,17.23,16.58,16.37,16.42,16.95,16.43,16.08,16.33,16.05,15.8,15.26,15.61,15.39,14.78,15.18,14.7,14.31,14.62,14.38,2.61,2.38,2.23,2.15,1.16,1.18,1.36,1.17,0.58,0.67,0.92,1.26,1.45,1.73,1.42,2.09,2.47,1.9,2.11,2.33,3.07,3.18,2.63],[17.67,17.8,17.56,17.69,17.06,17.46,17.36,16.46,16.59,16.33,16.79,15.84,16.35,15.87,15.36,15.18,15.9,15.66,15.28,15.02,14.8,14.87,14.89,2.24,2.06,2.13,2.34,1.31,1.65,1.78,1.32,0.67,1.15,1.04,1.6,1.87,1.36,2.06,1.87,1.98,2.41,2.01,2.1,2.16,2.31,2.7],[17.77,17.97,17.89,17.29,17.66,16.7,16.75,16.57,16.31,17.1,16.86,16.52,16.06,15.88,15.36,15.29,15.09,15.86,15.56,14.76,15.05,14.42,14.5,2.51,2.61,1.79,2.45,2.3,1.8,1.73,1.91,0.92,1.04,1.14,0.85,1.77,1.66,1.52,1.78,1.48,2.44,1.9,2.44,2.82,3.01,2.52],[18.18,17.6,17.45,17.71,17.07,17.63,17.37,17.27,16.43,17.06,16.56,16.76,16.78,16.59,15.92,15.84,15.39,16.04,15.47,14.75,15.12,15.01,14.72,2.42,2.41,2.11,2.07,1.57,2.23,1.74,1.71,1.26,1.6,0.85,0.64,1.25,1.71,1.76,1.63,1.49,1.61,1.73,1.88,1.95,2.88,2.35],[17.78,18.58,18.19,18.07,17.29,17.78,17.54,17.64,17.09,16.7,16.3,16.96,16.71,15.98,15.75,16.48,15.55,15.8,15.45,15.89,14.8,15.34,14.72,2.42,2.58,2.01,1.97,2.4,1.66,1.51,1.75,1.45,1.87,1.77,1.25,1.05,1.27,1.02,1.83,2.07,2.03,2.26,1.77,2.38,2.27,2.19],[18.29,18,18.39,18.17,18.13,18.07,17.18,17.75,17.5,17.27,16.73,16.74,17.03,16.92,16.42,15.99,16.02,16.03,15.21,15.86,14.94,15.32,14.9,3.26,3.25,2.32,2.16,2.82,2.26,2.45,1.52,1.73,1.36,1.66,1.71,1.27,1.15,0.73,1.38,0.98,1.2,1.67,1.42,1.73,1.97,2.27],[18.97,18.13,17.93,18.19,17.9,18.19,17.87,17.69,17.68,17.34,17.37,16.77,16.49,16.79,16.78,16.5,15.65,16.07,16.1,15.41,15.38,15.46,15.07,3.58,2.89,2.79,3.13,2.24,2.03,2.47,2.54,1.42,2.06,1.52,1.76,1.02,0.73,0.94,1.56,1.56,1.5,1.99,1.77,2.24,2.06,1.78],[18.65,18.64,18.2,18.45,17.68,18.18,18.12,18.02,17.76,17.62,16.77,17,16.64,16.48,16.48,15.96,16.28,16.3,15.68,15.99,15.97,15.76,15.2,3.11,3.07,3.43,2.35,2.33,2.34,2.83,2.22,2.09,1.87,1.78,1.63,1.83,1.38,1.56,0.99,1.28,1.41,1.27,1.74,2.09,2.26,2.34],[19.06,18.69,18.82,18.39,18.71,18.4,17.83,17.41,17.87,17.29,17.21,17.45,17.16,16.72,16.37,17.04,16.05,16.15,16.6,16.21,16.22,15.62,15.4,3.7,3.68,2.79,3.01,3.03,2.56,2.17,2.26,2.47,1.98,1.48,1.49,2.07,0.98,1.56,1.28,0.96,0.87,0.95,1.53,1.2,1.82,1.89],[18.63,18.41,18.82,18.46,18.14,18.39,18.32,17.91,17.4,17.43,17.2,16.99,17.5,16.57,16.84,16.33,16.34,16.55,16.36,16.34,16.04,15.39,15.86,3.83,3.42,3.68,2.81,2.72,2.68,2.71,2.42,1.9,2.41,2.44,1.61,2.03,1.2,1.5,1.41,0.87,0.69,0.94,0.89,1.24,1.84,1.49],[18.81,18.75,18.52,19.07,18.69,18.63,17.76,17.71,17.91,17.36,17.41,17.95,16.98,17.49,17.06,16.85,16.64,16.89,16.9,16.59,15.9,16.31,15.82,3.28,3.09,3.02,3.53,3.55,3.05,2.79,2.54,2.11,2.01,1.9,1.73,2.26,1.67,1.99,1.27,0.95,0.94,0.56,0.73,1.62,1.77,2.08],[19.37,19.37,19.34,18.93,19.04,18.35,18.64,17.77,17.85,18.41,17.38,17.87,17.81,16.98,16.83,17.53,16.73,16.39,16.46,16.37,16.76,16.55,15.78,3.91,3.54,3.84,3.34,3.13,2.89,2.74,2.41,2.33,2.1,2.44,1.88,1.77,1.42,1.77,1.74,1.53,0.89,0.73,1.44,0.92,1.08,1.66],[19.12,19.46,18.8,19.11,19.27,19.15,19.02,18.11,17.92,18.22,17.89,17.62,17.79,17.39,17.1,17,16.76,17.25,16.94,16.96,16.4,15.91,16.45,3.75,3.51,4.14,3.12,3.84,3.7,2.89,2.87,3.07,2.16,2.82,1.95,2.38,1.73,2.24,2.09,1.2,1.24,1.62,0.92,0.52,0.86,1.38],[19.86,19.51,19.5,19.08,19.38,18.52,18.56,18.45,18.87,18.68,17.87,17.5,17.91,18.11,17.06,16.87,16.93,17.24,16.48,17.06,16.16,16.41,16.38,4.28,3.68,3.66,3.34,3.18,3.65,3.23,3.41,3.18,2.31,3.01,2.88,2.27,1.97,2.06,2.26,1.82,1.84,1.77,1.08,0.86,1.41,1.09],[20.1,20.08,19.68,19,19.64,18.98,19.3,18.54,19,18.04,17.86,18.24,17.7,17.95,17.19,17.62,17.85,17.67,16.64,16.49,16.7,16.88,16.21,3.9,3.91,3.59,3.56,3.45,3.72,3.2,3.51,2.63,2.7,2.52,2.35,2.19,2.27,1.78,2.34,1.89,1.49,2.08,1.66,1.38,1.09,0.97]],"iptm":0.84}