{"name":"1TUP (synthetic confidence)","length":219,"plddt":[61.2,61,64,63.6,61.2,64,63.1,65.9,68,66.2,65.5,70,69.8,67.8,67.8,70.2,72,72.2,69.2,72.6,75.5,71.4,75.3,72.5,74.6,74,75.4,79.6,78.7,76.4,77.9,82.5,81,83.6,81.3,82.7,80.9,81.6,85.3,86.2,84.7,87.8,85.8,87,90.2,91.6,90.1,88.9,90.1,90.8,87.4,91,91.1,91.2,92.6,87.5,92.7,89.6,92.7,87.8,87.7,87.1,89.2,89.9,90.7,92.4,87.5,91.3,92.6,88.7,91.2,88.1,90.1,91.9,87.7,93,90.4,92.5,89.6,90.5,89,90.6,88.9,91.4,88.8,89.7,92.1,91.2,93,92.3,89.6,90.3,88.8,87.6,91.2,88.9,91.7,92.4,87.6,89.9,91.9,87.8,92.8,88.1,91.3,91.2,88.3,89.5,88,65.9,64,63.2,65.8,67.3,64,66.8,64.4,62.8,67.2,64.2,62.1,66.4,65.8,67.3,67.4,63.3,65.6,64.9,88.1,87.3,91.2,91.3,88.7,88.7,89,87.2,88.3,93,90.4,92.9,88,88,90.4,88.8,89.4,89.6,89.5,91.1,89.4,89,92.4,90.4,90.9,91,90.1,89.8,87.1,87.1,86.4,86,87.6,84.3,83.5,86.1,83.3,81.6,82.2,80,82.7,79.9,81,79.9,81.3,82,80.8,78,75.8,79.5,76.9,78.3,78,74.8,72.5,74.8,75.3,71.2,71.7,72.1,74.2,70.7,72.4,71.8,70.6,65.9,65.5,65.5,67,67.5,67.4,68.3,66.7,65,65.7,65.3,63.2,61.2,61.2,63.3,61.5,59,62,59.6,57.2,59.8,55.1,55.8,53.2,53.1,55.9],"pae":[[1.23,1.61,1.68,1.42,1.81,1.4,1.67,1.69,1.75,2.14,2.44,2.72,3.02,3.24,3.38,2.95,3.57,3.57,3.64,3.82,3.96,4.08,4.13,4.26,4.25,4.75,4.67,5.08,5.25,5.5,5.44,5.28,5.3,5.6,6.54,5.82,6.77,6.48,6.7,6.45,7.32,6.71,7.17,7.18,7.8,7.81,7.49,8.52,8.45,8.51,8.8,8.7,9.1,8.98,8.78,8.83,9,9.11,9.46,10.02,10.17,10.21,10.78,9.97,10.5,10.59,10.68,11.38,11.24,11.05,11.94,12.1,11.57,11.97,12.46,12.69,12.58,12.62,13.01,12.66,12.99,13.4,13.35,13.64,13.65,13.8,14.37,14.53,14.47,14.16,14.63,14.82,15.16,14.84,15.48,15.07,15.78,15.46,15.54,15.88,16.34,16.27,16.67,16.64,16.25,16.54,17.36,17.04,16.97,29.48,29.77,29.89,30,29.64,30,30,30,30,30,30,30,30,30,30,30,30,30,30,30,30,30,30,30,30,30,30,30,30,30,30,30,30,30,30,30,30,30,30,30,30,30,30,30,30,30,30,30,30,30,30,30,30,30,30,30,30,30,30,30,30,30,30,30,30,30,30,30,30,30,30,30,30,30,30,30,30,30,30,30,30,30,30,30,30,30,30,30,30,30,30,30,30,30,30,30,30,30,30,30,30,30,30,30,30,30,30,30,30,30],[1.61,0.71,1.12,1.31,1.57,1.58,1.92,1.56,2.53,2.53,2.2,2.2,2.67,3.06,2.9,3.09,3,3.4,3.08,4.06,3.71,3.93,3.9,4.3,3.99,4.77,4.31,5.3,5.31,5.36,5.66,5.05,5.74,5.85,5.93,6.11,6.23,6.35,6.63,6.22,7.06,6.5,7.34,6.98,7.32,7.83,8.18,7.68,8.17,8.6,8.31,8.05,8.72,8.79,8.89,9.07,9.5,9.02,9.76,9.8,10.3,10.33,10.13,9.81,10.86,10.16,10.77,10.89,11.23,11.26,11.46,11.85,11.81,12.28,12.43,12.57,12.56,12.86,12.86,12.36,12.44,13.49,12.68,13.29,13.82,13.78,14.03,13.73,14.39,14.15,14.77,14.66,14.4,14.46,14.82,15.32,14.8,15.04,15.29,15.82,15.72,16.14,16.62,16.21,16.74,16.84,16.27,17.08,17.43,28.95,29.44,29.9,29.62,29.68,30,30,30,30,30,30,30,30,30,30,30,30,30,30,30,30,30,30,30,30,30,30,30,30,30,30,30,30,30,30,30,30,30,30,30,30,30,30,30,30,30,30,30,30,30,30,30,30,30,30,30,30,30,30,30,30,30,30,30,30,30,30,30,30,30,30,30,30,30,30,30,30,30,30,30,30,30,30,30,30,30,30,30,30,30,30,30,30,30,30,30,30,30,30,30,30,30,30,30,30,30,30,30,30,30],[1.68,1.12,0.95,1.24,1.46,1.58,1.51,1.42,1.41,2.26,2.08,2.18,2.02,2.28,2.95,2.73,2.64,3.21,3.6,3.19,3.91,3.57,3.78,4.27,4.14,4.3,4.72,4.72,5.22,4.63,4.9,5.2,5.88,6.01,6.25,5.92,5.77,6.41,6.51,6.8,7.14,6.76,6.88,6.81,7.7,7.52,7.27,7.28,8.26,7.64,8.23,8.37,8.6,9.13,8.83,9.13,9.12,9.65,9.78,9.14,9.43,10.27,9.89,10.35,10.34,10.39,10.42,10.62,10.74,11.19,11.57,11.73,11.24,11.74,11.79,11.97,12.33,12.32,12.31,13.05,12.42,12.78,12.54,12.8,12.85,13.07,13.44,14.02,13.93,14,14.08,14.85,14.73,14.59,14.65,15.2,14.89,15.33,15.16,15.16,16.04,15.73,15.62,16.6,15.84,16.7,16.68,16.32,17.02,29.43,28.89,29.69,29.22,30,29.75,29.87,29.62,30,29.95,30,30,30,30,30,30,30,30,30,30,30,30,30,30,30,30,30,30,30,30,30,30,30,30,30,30,30,30,30,30,30,30,30,30,30,30,30,30,30,30,30,30,30,30,30,30,30,30,30,30,30,30,30,30,30,30,30,30,30,30,30,30,30,30,30,30,30,30,30,30,30,30,30,30,30,30,30,30,30,30,30,30,30,30,30,30,30,30,30,30,30,30,30,30,30,30,30,30,30,30],[1.42,1.31,1.24,1,1.52,1.07,1.44,1.9,1.59,2.12,1.91,2.66,1.91,2.95,2.89,2.76,2.75,2.87,3.12,3.17,3.26,3.23,4.06,3.66,3.91,3.84,4.75,4.19,4.98,4.95,5,5.04,5.49,5.59,5.45,6.08,6.32,6.34,6.42,6.38,6.42,6.8,7.33,6.8,7.06,7.21,7.24,7.78,7.6,7.59,8.19,8.49,8.41,8.99,9.02,9.21,9.04,9.11,9.14,9.76,9.3,9.26,9.96,9.52,9.78,10.53,10.12,10.34,10.42,10.78,11.52,11.18,11.57,11.86,11.96,11.57,12.27,11.97,12.01,11.96,12.77,12.95,13.24,12.99,12.9,13.42,13.59,13.37,14.14,14.2,14.18,14.33,14.36,14.91,14.56,15.26,15.27,14.69,15.63,15.62,15.89,15.44,15.47,16.34,16.04,16.37,16.82,16.51,16.62,28.93,28.59,28.99,29.82,29.96,29.72,29.83,29.65,29.69,30,30,30,30,30,30,30,30,30,30,30,30,30,30,30,30,30,30,30,30,30,30,30,30,30,30,30,30,30,30,30,30,30,30,30,30,30,30,30,30,30,30,30,30,30,30,30,30,30,30,30,30,30,30,30,30,30,30,30,30,30,30,30,30,30,30,30,30,30,30,30,30,30,30,30,30,30,30,30,30,30,30,30,30,30,30,30,30,30,30,30,30,30,30,30,30,30,30,30,30,30],[1.81,1.57,1.46,1.52,1.28,0.95,0.82,1.1,1.29,2.19,2.37,1.89,2.03,2.75,2.74,2.38,2.63,2.62,3.18,3.65,3.6,3.85,4.04,4.05,4.22,3.9,4.06,4.36,4.33,5.21,4.56,5.11,5.52,5.19,5.91,6.1,6.02,5.63,5.8,6.26,6.79,6.45,7.03,6.41,6.54,7.27,7.19,7.08,7.73,8.12,7.6,7.63,7.73,8.04,8.24,9.09,9.2,8.85,9.1,9.08,9.41,9.28,9.46,10.04,9.97,10.13,10.77,10.49,10.16,11.14,10.91,11.2,10.82,11,11.55,12.13,11.63,11.68,11.82,12.23,12.3,12.39,12.72,12.8,12.57,13.15,13.54,13.08,13.12,13.53,13.63,13.98,14.62,14.73,14.63,14.57,14.93,14.67,15.52,14.95,15.6,15.87,15.72,15.96,15.84,16.31,16.37,16.2,16.59,28.48,28.77,29.01,28.84,29.35,29.34,29.39,29.66,29.77,29.84,30,29.94,30,30,30,30,30,30,30,30,30,30,30,30,30,30,30,30,30,30,30,30,30,30,30,30,30,30,30,30,30,30,30,30,30,30,30,30,30,30,30,30,30,30,30,30,30,30,30,30,30,30,30,30,30,30,30,30,30,30,30,30,30,30,30,30,30,30,30,30,30,30,30,30,30,30,30,30,30,30,30,30,30,30,30,30,30,30,30,30,30,30,30,30,30,30,30,30,30,30],[1.4,1.58,1.58,1.07,0.95,0.88,0.86,1.21,1.7,1.22,1.41,1.84,2.5,2.1,1.92,2.1,3.12,2.88,3.45,3.06,3.17,3.31,3.15,4,4.02,3.68,4.56,4.74,4.56,4.53,4.53,5.1,4.76,4.89,5.51,5.93,5.53,6.24,5.63,6.51,6.11,6.3,6.45,6.56,6.86,7.47,7.41,7.25,6.99,7.25,7.34,8.2,8.06,7.73,8.61,8.75,8.89,8.77,9.1,9.33,9.63,9.07,9.85,9.63,9.86,10.47,10.43,10.36,10.14,10.55,10.41,11.28,11.51,11.27,11.8,11.27,11.32,12.02,12.01,11.7,11.91,12.44,12.2,13.2,13.31,13.03,12.95,13.27,13.4,13.35,13.53,13.7,13.66,14.69,13.99,14.47,14.22,14.47,15.38,15.03,15.29,15.56,15.99,15.61,16.09,16.05,16.09,15.85,16.25,28.22,29.17,29.18,29.31,29.21,29.12,29.31,29.72,30,29.63,30,30,29.95,30,30,30,30,30,30,30,30,30,30,30,30,30,30,30,30,30,30,30,30,30,30,30,30,30,30,30,30,30,30,30,30,30,30,30,30,30,30,30,30,30,30,30,30,30,30,30,30,30,30,30,30,30,30,30,30,30,30,30,30,30,30,30,30,30,30,30,30,30,30,30,30,30,30,30,30,30,30,30,30,30,30,30,30,30,30,30,30,30,30,30,30,30,30,30,30,30],[1.67,1.92,1.51,1.44,0.82,0.86,1.48,1.37,1.04,1.76,1.99,1.75,1.96,1.84,1.8,2.69,2.96,2.18,3.03,3.06,3.11,3.43,3.04,3.71,3.56,3.99,3.67,3.76,3.89,4.4,4.24,4.6,5.21,4.67,5.34,4.88,5.11,6.08,5.34,6.24,5.84,6,6.15,6.6,6.75,7.34,7.17,7.34,7.18,7.57,7.57,7.33,8.03,8.5,7.87,7.9,8.92,8.96,8.53,8.51,9.15,9.42,9.39,9.84,9.27,10.18,9.94,9.79,10.74,10.94,10.78,10.97,11.03,10.97,10.73,11.13,11.81,11.39,11.98,12.18,12.26,11.91,12.79,12.55,13.01,13.11,12.74,13.52,13.38,12.98,13.29,13.89,14.3,13.82,14.26,14.17,14.63,14.22,14.58,14.98,14.7,14.88,15.09,15.88,15.36,15.52,16.25,16.09,16.12,28.01,28.7,28.91,29.12,28.69,29.31,29.66,29.13,29.94,29.35,29.87,29.97,30,30,30,30,30,30,30,30,30,30,30,30,30,30,30,30,30,30,30,30,30,30,30,30,30,30,30,30,30,30,30,30,30,30,30,30,30,30,30,30,30,30,30,30,30,30,30,30,30,30,30,30,30,30,30,30,30,30,30,30,30,30,30,30,30,30,30,30,30,30,30,30,30,30,30,30,30,30,30,30,30,30,30,30,30,30,30,30,30,30,30,30,30,30,30,30,30,30],[1.69,1.56,1.42,1.9,1.1,1.21,1.37,1.06,1.2,1.11,1.5,1.36,1.66,1.57,2.29,2.52,2.52,2.68,2.68,2.93,3.01,3.15,2.85,3.11,3.17,3.52,3.53,3.73,3.76,4.7,4.35,4.77,4.94,4.87,5.4,5.57,4.96,5.94,6.1,6.15,5.65,6.09,6.08,6.39,6.72,6.71,6.63,7.17,7.04,7.25,7.09,7.16,7.44,7.84,7.67,8.67,8.18,8.24,8.73,8.35,9.12,8.75,8.88,9.15,9.77,9.85,10.33,9.86,10.01,10.3,10.09,10.92,10.48,10.5,10.68,10.99,11.14,11.57,11.87,11.52,11.68,11.93,12.02,12.81,12.42,12.38,12.53,12.7,13.4,13.1,13.94,13.28,13.69,14.23,14.23,14.33,14.28,14.9,14.18,14.94,15.06,15.29,15.74,15.8,15.95,15.43,16.33,15.84,15.93,28.03,28.03,29.08,28.73,28.53,29.24,29.15,29.05,29.84,29.76,29.48,30,30,30,30,30,30,30,30,30,30,30,30,30,30,30,30,30,30,30,30,30,30,30,30,30,30,30,30,30,30,30,30,30,30,30,30,30,30,30,30,30,30,30,30,30,30,30,30,30,30,30,30,30,30,30,30,30,30,30,30,30,30,30,30,30,30,30,30,30,30,30,30,30,30,30,30,30,30,30,30,30,30,30,30,30,30,30,30,30,30,30,30,30,30,30,30,30,30,30],[1.75,2.53,1.41,1.59,1.29,1.7,1.04,1.2,1.38,1.58,1.39,1.73,1.62,1.88,2.01,1.72,2.17,2.16,2.08,2.83,3.27,2.45,2.83,3.51,3.04,3.98,4.02,3.73,3.75,4.63,4.18,4.93,4.14,4.58,4.58,5.16,4.74,5.73,5.56,5.66,5.64,6.1,6.14,6.63,6.59,6.68,6.68,6.75,6.57,7.13,7.52,7.5,8.07,8.09,7.95,8.46,8.43,8.7,8.07,8.41,8.95,8.99,9.29,9.22,9.76,9.5,9.39,9.79,9.69,10.63,9.84,10.58,10.78,10.94,11.3,11.03,10.99,11.06,11.06,11.69,11.54,11.49,12.46,12.36,12.27,12.53,12.35,12.46,13.13,12.77,12.95,12.98,13.21,13.48,13.55,14.28,13.74,14.71,14.38,15.02,14.39,14.47,15.16,15.17,15.82,15.28,16.07,16.24,15.73,27.69,28.28,28.09,29.08,28.31,28.68,29.15,29.24,29.65,29.98,29.47,29.84,29.49,30,29.76,30,30,30,30,30,30,30,30,30,30,30,30,30,30,30,30,30,30,30,30,30,30,30,30,30,30,30,30,30,30,30,30,30,30,30,30,30,30,30,30,30,30,30,30,30,30,30,30,30,30,30,30,30,30,30,30,30,30,30,30,30,30,30,30,30,30,30,30,30,30,30,30,30,30,30,30,30,30,30,30,30,30,30,30,30,30,30,30,30,30,30,30,30,30,30],[2.14,2.53,2.26,2.12,2.19,1.22,1.76,1.11,1.58,1.17,0.78,1.36,1.76,1.51,1.36,2.22,1.92,2.18,2.11,2.7,2.24,2.37,3.14,3.2,3.15,2.92,3.85,3.93,4,4.2,3.97,4.05,4.28,4.28,5.09,4.91,4.68,5.68,5.28,5.03,5.5,5.39,5.85,5.75,5.81,6.32,6.84,6.28,7.3,7.39,7.22,6.88,6.98,7.39,8.1,8.15,8.15,8.02,8.45,8.72,8.72,9.14,8.82,9.29,9.06,9.89,9.73,10.11,9.97,10.5,9.74,9.83,10.56,11.06,10.3,11,10.7,11.66,11.54,11.42,11.45,11.97,12.32,12.08,12.69,12.02,12.45,12.46,13.14,13,13.4,13.47,13.05,13.87,14.1,14.04,14.46,13.82,13.99,14.33,14.8,14.47,14.93,14.68,15.73,15.45,15.77,15.48,15.36,28.36,28.19,28.01,27.99,28.17,29.11,29.06,28.97,29.13,29.15,29.42,29.73,29.48,29.98,29.74,29.88,30,30,30,30,30,30,30,30,30,30,30,30,30,30,30,30,30,30,30,30,30,30,30,30,30,30,30,30,30,30,30,30,30,30,30,30,30,30,30,30,30,30,30,30,30,30,30,30,30,30,30,30,30,30,30,30,30,30,30,30,30,30,30,30,30,30,30,30,30,30,30,30,30,30,30,30,30,30,30,30,30,30,30,30,30,30,30,30,30,30,30,30,30,30],[2.44,2.2,2.08,1.91,2.37,1.41,1.99,1.5,1.39,0.78,0.56,1.32,1.05,1.65,1.55,1.78,1.57,2.37,2.42,2.71,3,3.03,2.44,2.73,3.13,3.27,3.09,3.13,3.66,4.18,4.07,4.64,3.93,4.79,4.7,4.41,4.78,4.86,4.99,5.42,5.63,5.32,6.29,5.79,5.9,5.76,6.6,6.94,6.53,6.72,7.24,6.71,7.71,7.23,7.49,7.33,7.95,8.31,8.07,8.77,8.3,8.7,9.19,9.16,8.9,9.54,9.48,9.96,10.1,10.14,9.75,9.88,10.66,10.31,10.46,10.3,11.4,10.81,11.11,11.04,11.39,11.44,11.97,12.11,11.91,12.39,12.51,12.92,12.88,13.1,12.51,13.48,13.31,13.21,13.93,14,14,13.58,13.94,14.54,14.35,14.73,15.25,14.92,15.09,15.62,15.31,15.45,15.71,27.63,28.31,27.73,27.88,28.47,28.93,28.49,29.08,29.35,28.78,29.34,29.98,29.21,29.58,29.65,29.83,30,30,30,30,30,30,30,30,30,30,30,30,30,30,30,30,30,30,30,30,30,30,30,30,30,30,30,30,30,30,30,30,30,30,30,30,30,30,30,30,30,30,30,30,30,30,30,30,30,30,30,30,30,30,30,30,30,30,30,30,30,30,30,30,30,30,30,30,30,30,30,30,30,30,30,30,30,30,30,30,30,30,30,30,30,30,30,30,30,30,30,30,30,30],[2.72,2.2,2.18,2.66,1.89,1.84,1.75,1.36,1.73,1.36,1.32,1.36,0.9,1.77,1.03,1.7,1.34,1.43,1.6,2.5,2.15,2.01,3.15,3.03,3.06,3.26,3.53,3.1,3.1,3.43,3.96,4.32,4.6,4.77,4.29,4.32,4.92,4.92,5.27,5.22,5.64,5.99,5.25,5.45,6.07,6.6,6.14,6.01,6.81,6.34,6.38,6.71,6.72,7.44,7.17,7.43,7.76,8.12,8.09,8.43,8.3,8.68,9.13,8.67,9.21,9.15,9.12,9.6,9.69,9.3,10.23,9.8,10.38,10.73,10.4,10.63,11.04,11.38,10.88,11.03,11.53,11.51,11.53,12.14,12.17,11.9,12.7,12.52,12.79,12.8,12.9,12.51,13.02,13.05,13,13.78,13.58,14.35,13.99,13.93,14.61,14.86,15.04,14.52,14.7,15.43,15.11,15.58,15.29,28.18,28.34,27.94,28.27,28.65,28.15,28.6,28.84,29.23,28.55,28.76,29.47,29.42,29.75,29.63,29.73,30,29.87,30,30,30,30,30,30,30,30,30,30,30,30,30,30,30,30,30,30,30,30,30,30,30,30,30,30,30,30,30,30,30,30,30,30,30,30,30,30,30,30,30,30,30,30,30,30,30,30,30,30,30,30,30,30,30,30,30,30,30,30,30,30,30,30,30,30,30,30,30,30,30,30,30,30,30,30,30,30,30,30,30,30,30,30,30,30,30,30,30,30,30,30],[3.02,2.67,2.02,1.91,2.03,2.5,1.96,1.66,1.62,1.76,1.05,0.9,1.13,1.51,1.46,1.2,1.69,1.57,1.69,2.02,2.19,2.7,2.95,2.21,2.6,2.84,3.42,3.56,2.91,3.68,3.72,4.03,3.96,4.56,4.05,4.92,4.28,4.91,4.86,5.04,5.12,5.34,5.31,5.91,5.49,5.75,6.39,5.78,6.08,6.68,6.4,6.82,6.9,6.84,6.87,6.99,7.84,8.04,8.37,7.7,8.28,8.76,8.95,8.67,9.24,9.31,9.43,9.23,9.78,9.25,9.78,10.32,9.84,10.65,10.5,10,10.39,10.87,11.31,11.4,10.78,11.31,11.93,11.28,12.04,12.43,12.09,11.82,12.66,12.33,12.91,13.31,13.18,13.03,13.19,13.32,13.21,13.86,13.99,14.13,14.07,14.07,14.22,14.8,14.83,15.39,15.03,15.02,15.7,27.97,27.33,27.59,27.93,28.43,28.28,28.49,28.41,28.65,28.75,28.87,29.5,29.8,29.13,29.92,29.79,29.98,30,30,30,30,30,30,30,30,30,30,30,30,30,30,30,30,30,30,30,30,30,30,30,30,30,30,30,30,30,30,30,30,30,30,30,30,30,30,30,30,30,30,30,30,30,30,30,30,30,30,30,30,30,30,30,30,30,30,30,30,30,30,30,30,30,30,30,30,30,30,30,30,30,30,30,30,30,30,30,30,30,30,30,30,30,30,30,30,30,30,30,30,30],[3.24,3.06,2.28,2.95,2.75,2.1,1.84,1.57,1.88,1.51,1.65,1.77,1.51,0.63,0.75,0.91,1.68,1.91,1.87,1.81,2.39,2.45,2.02,2.54,2.41,2.42,2.9,3.21,3.18,3.61,3.13,3.8,3.6,3.56,4.56,4.65,4.19,4.9,4.71,4.48,5.44,4.93,5.27,5.68,5.95,5.65,5.97,6.36,6.03,6.16,6.67,7,6.96,6.87,7.28,7.4,7.28,7.47,7.69,8.35,8.06,8.18,7.92,8.72,8.5,8.33,9.17,9.41,8.96,8.92,9.77,9.27,9.43,10.43,10.59,10.25,10.86,10.38,10.31,10.58,10.73,11.09,11.39,11.87,11.86,11.63,11.51,12.55,12.19,11.93,13.02,12.49,12.38,13.19,13.5,13.41,13.89,13.93,13.89,14.03,13.95,13.73,14.7,14.43,14.88,14.4,15.07,14.86,14.92,27.49,27.27,27.74,28.14,27.89,27.78,28.79,28.69,28.84,28.91,28.81,28.65,29.24,29.55,29.89,29.22,29.78,30,30,30,30,30,30,30,30,30,30,30,30,30,30,30,30,30,30,30,30,30,30,30,30,30,30,30,30,30,30,30,30,30,30,30,30,30,30,30,30,30,30,30,30,30,30,30,30,30,30,30,30,30,30,30,30,30,30,30,30,30,30,30,30,30,30,30,30,30,30,30,30,30,30,30,30,30,30,30,30,30,30,30,30,30,30,30,30,30,30,30,30,30],[3.38,2.9,2.95,2.89,2.74,1.92,1.8,2.29,2.01,1.36,1.55,1.03,1.46,0.75,1.1,0.87,1.55,1.37,1.81,1.31,1.74,2.27,1.71,2.25,2.26,2.99,2.48,2.9,2.61,3.52,3.78,3.94,3.45,4.19,4.09,4.63,4.7,4.24,4.41,4.81,4.7,4.57,5.5,5.18,5.52,5.96,6.25,5.77,6.4,6.09,6.24,6.65,6.7,6.4,7.13,7.03,7.71,7.61,7.19,7.82,8.26,7.95,8.65,8.33,8.24,8.31,8.98,9.12,8.68,8.95,9.11,9.98,9.52,10.19,10.17,9.95,10.18,10.14,10.45,10.85,10.7,10.79,11.24,11.75,11.82,11.4,11.34,12.23,12.08,12.35,12.41,12.71,13.1,12.96,13.32,13.25,13.35,13.71,13.13,13.8,14.28,13.79,14.18,14.02,14.69,14.62,14.47,14.95,14.88,26.97,27.81,27.71,27.31,28.26,27.86,28.44,28.55,28.48,29.01,29.21,28.97,28.7,29.06,29.53,29.69,29.62,29.36,30,29.9,29.82,30,30,30,30,30,30,30,30,30,30,30,30,30,30,30,30,30,30,30,30,30,30,30,30,30,30,30,30,30,30,30,30,30,30,30,30,30,30,30,30,30,30,30,30,30,30,30,30,30,30,30,30,30,30,30,30,30,30,30,30,30,30,30,30,30,30,30,30,30,30,30,30,30,30,30,30,30,30,30,30,30,30,30,30,30,30,30,30,30],[2.95,3.09,2.73,2.76,2.38,2.1,2.69,2.52,1.72,2.22,1.78,1.7,1.2,0.91,0.87,1.01,1.59,0.95,1.41,1.65,2.17,2.12,1.94,2.18,2.37,2.15,2.94,2.68,2.55,2.81,3.13,3.82,3.14,3.64,3.99,3.99,4.25,4.51,4.45,5,4.88,4.77,5.45,5.66,4.96,5.31,5.32,5.88,5.74,6.44,6.09,6.15,6.37,7.14,6.64,6.96,6.81,7.35,7.72,7.19,7.55,7.45,7.68,8.51,8.05,8.7,8.16,8.93,8.93,8.95,9.08,9.74,9.32,9.48,10.03,10.11,10.47,10.69,9.98,10.38,10.35,11.11,11.41,11.53,11.06,11.57,12.02,11.95,12.42,11.83,12.14,12.25,12.07,12.78,13.04,12.79,12.67,12.92,13.72,13.46,13.81,13.71,13.66,13.85,14.42,14.32,14.87,15.25,15.4,27.39,26.92,27.2,27.52,27.35,28.16,28.07,28.35,28.14,28.7,28.8,28.8,29.31,29.42,29.38,28.99,29.81,29.95,29.58,29.59,30,30,30,30,30,30,30,30,30,30,30,30,30,30,30,30,30,30,30,30,30,30,30,30,30,30,30,30,30,30,30,30,30,30,30,30,30,30,30,30,30,30,30,30,30,30,30,30,30,30,30,30,30,30,30,30,30,30,30,30,30,30,30,30,30,30,30,30,30,30,30,30,30,30,30,30,30,30,30,30,30,30,30,30,30,30,30,30,30,30],[3.57,3,2.64,2.75,2.63,3.12,2.96,2.52,2.17,1.92,1.57,1.34,1.69,1.68,1.55,1.59,0.61,1.19,0.95,1.69,2.03,1.83,1.82,2.03,2.65,2.17,2.26,2.76,2.88,3.08,2.79,3.01,3.16,3.41,3.59,4.34,4.07,3.84,4.41,4.18,4.62,4.92,5.38,5.43,5.59,4.93,5.1,5.69,5.89,5.91,5.81,6.33,6.32,6.22,7.09,6.55,7.04,6.66,7.67,7.13,7.75,7.46,8.38,7.78,7.95,8.64,8.46,8.64,8.42,9.03,9.05,8.88,9.82,10.05,10.2,9.43,10.22,10.63,10.05,10.82,10.56,10.54,11.33,10.73,11,10.95,11.35,11.78,11.54,12.43,12.49,12.06,12.88,12.41,12.69,12.55,12.98,13.08,13.54,13.57,13.69,14.23,14.29,14.02,14.22,14.61,14.72,14.89,14.55,27.15,27.43,27.2,27.81,27.59,27.99,27.74,27.68,28.32,28.25,28.01,28.87,28.88,28.6,28.91,29.39,29.42,29.43,29.27,30,30,29.77,30,30,30,30,30,30,30,30,30,30,30,30,30,30,30,30,30,30,30,30,30,30,30,30,30,30,30,30,30,30,30,30,30,30,30,30,30,30,30,30,30,30,30,30,30,30,30,30,30,30,30,30,30,30,30,30,30,30,30,30,30,30,30,30,30,30,30,30,30,30,30,30,30,30,30,30,30,30,30,30,30,30,30,30,30,30,30,30],[3.57,3.4,3.21,2.87,2.62,2.88,2.18,2.68,2.16,2.18,2.37,1.43,1.57,1.91,1.37,0.95,1.19,0.78,1.34,1.4,1.17,1.34,1.4,2.06,1.98,2.47,2.49,2.45,2.51,3.2,2.79,2.66,3.28,3.56,3.48,3.59,3.86,3.66,4.36,4.63,4.86,4.91,4.6,4.82,4.99,5.38,5.11,5.06,5.18,6.22,5.63,5.63,6.5,6.04,6.89,6.91,6.58,6.59,6.85,7.18,7.67,7.99,8.21,8.09,7.89,8.46,8.16,8.64,8.63,8.82,9.11,8.93,8.94,9.5,9.72,9.83,10.04,9.9,9.67,9.89,10.38,10.35,11.01,11.23,11.11,10.92,11.39,11.91,11.66,12.12,11.67,12.55,12.36,12.88,12.92,12.79,12.56,12.72,13.64,13.35,13.09,13.5,13.78,13.91,14.18,13.96,14.04,14.26,14.16,26.41,26.9,26.85,27.61,27.78,27.63,27.76,27.78,27.8,27.87,28.2,28.1,29.05,29.04,28.91,29.09,28.72,29.1,29.22,29.25,29.61,30,30,29.77,30,30,30,30,30,30,30,30,30,30,30,30,30,30,30,30,30,30,30,30,30,30,30,30,30,30,30,30,30,30,30,30,30,30,30,30,30,30,30,30,30,30,30,30,30,30,30,30,30,30,30,30,30,30,30,30,30,30,30,30,30,30,30,30,30,30,30,30,30,30,30,30,30,30,30,30,30,30,30,30,30,30,30,30,30,30],[3.64,3.08,3.6,3.12,3.18,3.45,3.03,2.68,2.08,2.11,2.42,1.6,1.69,1.87,1.81,1.41,0.95,1.34,0.58,1.09,1.61,1.28,1.16,2.19,2.38,2.05,2.62,2.06,2.91,2.2,2.31,2.93,3.4,3.07,3.8,3.7,3.73,4.3,4.12,4.19,3.9,4.36,4.55,4.95,4.56,5.2,4.75,5.69,5.5,5.56,5.53,5.98,6.1,5.76,6.79,6.17,6.9,6.87,7.48,6.71,7.75,7.04,7.85,7.67,7.87,7.82,7.74,8.61,8.76,9.11,8.8,8.51,9.22,8.87,9.17,9.51,9.24,9.8,10.45,9.71,10.08,10.89,10.29,10.26,10.8,11.15,11.39,11.7,11.55,11.28,12.15,12.34,12.59,12.28,12.13,12.7,13.17,13.27,12.91,13.43,13.73,13.22,13.21,14.23,14.01,13.65,14.5,13.87,14.25,26.47,26.45,26.76,27.4,26.94,27.75,27.77,27.8,27.58,28,28.44,28.7,28.59,28.38,28.56,29.36,28.89,28.87,29.6,29.3,29.52,30,30,30,30,30,30,30,30,30,30,30,30,30,30,30,30,30,30,30,30,30,30,30,30,30,30,30,30,30,30,30,30,30,30,30,30,30,30,30,30,30,30,30,30,30,30,30,30,30,30,30,30,30,30,30,30,30,30,30,30,30,30,30,30,30,30,30,30,30,30,30,30,30,30,30,30,30,30,30,30,30,30,30,30,30,30,30,30,30],[3.82,4.06,3.19,3.17,3.65,3.06,3.06,2.93,2.83,2.7,2.71,2.5,2.02,1.81,1.31,1.65,1.69,1.4,1.09,1,1.09,1.61,1.89,1.91,1.89,1.78,1.66,2.12,2,2.44,2.43,3.03,3.42,2.63,3.74,3.85,3.29,3.64,3.83,3.74,4.52,4.78,4.47,4.2,4.54,5.37,5.02,5.64,5.55,5.17,5.81,5.55,5.71,6.07,5.79,6.09,7.01,7,6.86,7.46,7.63,7.08,7.72,7.79,8.17,7.73,7.8,8.42,8.14,8.4,8.58,8.43,9.01,9.12,9.24,9.29,9.8,9.75,9.95,9.87,10.38,10.68,10.85,10.46,11.21,10.74,10.93,11.2,10.9,11.85,11.72,11.42,11.79,11.97,12.37,12.23,12.85,12.88,12.53,13.35,12.86,13.25,13.64,13.48,13.53,14.11,13.79,13.82,14.36,26.35,26.56,27.17,26.7,27.39,27.25,27.04,27.74,27.32,28.1,27.99,27.89,28.35,28.24,28.51,28.98,28.76,28.61,29.41,29.46,29.86,29.23,29.33,30,30,30,30,30,30,30,30,30,30,30,30,30,30,30,30,30,30,30,30,30,30,30,30,30,30,30,30,30,30,30,30,30,30,30,30,30,30,30,30,30,30,30,30,30,30,30,30,30,30,30,30,30,30,30,30,30,30,30,30,30,30,30,30,30,30,30,30,30,30,30,30,30,30,30,30,30,30,30,30,30,30,30,30,30,30,30],[3.96,3.71,3.91,3.26,3.6,3.17,3.11,3.01,3.27,2.24,3,2.15,2.19,2.39,1.74,2.17,2.03,1.17,1.61,1.09,0.79,1.59,1.35,1.82,1.21,1.97,1.52,2.29,1.76,2.79,2.91,3.01,2.96,2.84,2.76,3.17,3.6,3.42,3.35,4.18,4.44,4.58,4.8,4.3,4.57,4.45,4.64,4.68,5.25,5.13,5.46,5.59,5.77,6.05,6.31,6.7,6.86,6.91,6.41,6.55,7.25,6.96,7.43,7.34,8.01,7.55,8.2,7.76,7.96,8.74,8.21,8.86,8.36,8.66,9.43,8.76,9.24,9.33,9.66,9.83,10.03,10.51,10.33,10.46,10.38,10.4,10.41,11.33,11.58,11,11.16,11.31,12.16,11.97,11.7,12.27,12.7,12.61,13.11,13.2,13.02,13.13,13.03,13.56,13.33,13.54,13.43,14.01,13.72,26.69,26.71,26.65,26.49,26.92,27.33,27.57,27.85,27.07,28.08,27.92,27.58,28.21,28.51,28.32,28.79,28.29,28.93,28.57,28.92,29.45,29.79,29.67,29.72,30,30,30,30,30,30,30,30,30,30,30,30,30,30,30,30,30,30,30,30,30,30,30,30,30,30,30,30,30,30,30,30,30,30,30,30,30,30,30,30,30,30,30,30,30,30,30,30,30,30,30,30,30,30,30,30,30,30,30,30,30,30,30,30,30,30,30,30,30,30,30,30,30,30,30,30,30,30,30,30,30,30,30,30,30,30],[4.08,3.93,3.57,3.23,3.85,3.31,3.43,3.15,2.45,2.37,3.03,2.01,2.7,2.45,2.27,2.12,1.83,1.34,1.28,1.61,1.59,1.42,0.71,0.92,1.04,1.94,1.95,2.18,1.64,1.75,1.97,2.87,2.56,3,2.53,2.81,3.65,3.25,3.95,3.89,4.21,4.37,4.03,4.49,4.32,4.81,4.85,5.24,5.35,5.03,5.73,5.78,5.3,5.89,5.53,5.78,6.1,6.13,6.27,6.72,6.61,6.55,6.86,7.48,7.39,7.3,7.94,7.5,8.28,8.03,8.21,8.87,8.67,8.45,8.67,8.81,9.71,8.92,9.98,9.67,10.14,10.38,9.76,10.27,10.2,11.08,11.21,10.74,10.75,11.65,11.21,11.07,12.1,11.39,11.84,12.51,12.43,11.95,12.42,12.88,13.34,12.74,13.03,13,13.12,13.73,13.59,14.23,14.25,25.87,26.61,26.18,26.94,26.5,26.83,27,27.17,27.53,27.81,27.89,27.98,27.92,28.33,28.32,28.13,28.15,28.29,28.95,29.49,29.22,29.8,29.82,29.72,29.67,30,30,30,30,30,30,30,30,30,30,30,30,30,30,30,30,30,30,30,30,30,30,30,30,30,30,30,30,30,30,30,30,30,30,30,30,30,30,30,30,30,30,30,30,30,30,30,30,30,30,30,30,30,30,30,30,30,30,30,30,30,30,30,30,30,30,30,30,30,30,30,30,30,30,30,30,30,30,30,30,30,30,30,30,30],[4.13,3.9,3.78,4.06,4.04,3.15,3.04,2.85,2.83,3.14,2.44,3.15,2.95,2.02,1.71,1.94,1.82,1.4,1.16,1.89,1.35,0.71,1.12,1.62,1.5,1.13,1.98,1.48,1.42,2.42,2.61,2.05,2.66,2.66,2.35,3.01,3.46,2.81,3.27,3.93,3.98,3.97,3.96,4.64,4.67,4.48,5.1,5.07,5.34,4.59,5.39,5.12,5.29,5.87,5.3,6.09,6.22,6.06,6.6,6.6,7.01,7.15,7.5,7.2,6.82,7.94,8.05,7.39,7.62,7.64,7.92,8.32,8.62,8.23,9,9.24,8.81,9.25,9.06,9.16,9.45,9.89,9.82,10.3,10.75,10.02,10.94,11.02,11.02,10.76,11.28,11.17,11.67,11.71,12.22,12.32,12.59,11.83,12.76,12.87,12.28,13.14,12.81,13.48,12.9,13.39,13.88,13.43,13.61,26.16,26.15,26.75,26.71,26.56,26.72,27.34,26.87,27.19,27.44,27.28,27.34,27.35,27.74,27.72,28.55,28.7,28.76,29.23,28.91,29.25,28.89,29.64,29.08,29.91,30,29.58,30,30,30,30,30,30,30,30,30,30,30,30,30,30,30,30,30,30,30,30,30,30,30,30,30,30,30,30,30,30,30,30,30,30,30,30,30,30,30,30,30,30,30,30,30,30,30,30,30,30,30,30,30,30,30,30,30,30,30,30,30,30,30,30,30,30,30,30,30,30,30,30,30,30,30,30,30,30,30,30,30,30,30],[4.26,4.3,4.27,3.66,4.05,4,3.71,3.11,3.51,3.2,2.73,3.03,2.21,2.54,2.25,2.18,2.03,2.06,2.19,1.91,1.82,0.92,1.62,0.96,0.71,1.73,1.08,1.28,1.8,1.94,2.23,1.87,1.9,2.3,3.12,2.69,2.82,2.95,3.14,2.9,3.17,3.83,4.26,4.2,4.36,4.35,4.13,4.24,5.14,5.07,5.39,5.56,5.14,5.18,5.72,5.47,5.94,6.45,5.94,6.38,6.45,6.83,7.04,6.89,6.94,7.53,7.76,7.38,7.3,7.6,8.11,8.33,7.9,8.74,8.55,8.47,9.04,9.54,9.12,9.73,9.62,9.23,10.33,10.39,10.13,10.71,10.54,10.11,10.79,10.7,11.31,10.94,11.82,11.19,12.13,11.62,12.36,12.27,12.68,12.82,12.39,12.24,13.12,13.39,12.75,13.34,13.91,13.89,13.96,26.24,25.93,25.84,26.54,26.67,26.92,27.24,27.33,26.92,27.22,26.97,27.32,27.59,27.95,28.03,28.64,28.37,28.23,28.79,28.6,29.3,29.04,28.8,29.48,29.83,29.77,29.68,30,29.61,30,30,30,30,30,30,30,30,30,30,30,30,30,30,30,30,30,30,30,30,30,30,30,30,30,30,30,30,30,30,30,30,30,30,30,30,30,30,30,30,30,30,30,30,30,30,30,30,30,30,30,30,30,30,30,30,30,30,30,30,30,30,30,30,30,30,30,30,30,30,30,30,30,30,30,30,30,30,30,30,30],[4.25,3.99,4.14,3.91,4.22,4.02,3.56,3.17,3.04,3.15,3.13,3.06,2.6,2.41,2.26,2.37,2.65,1.98,2.38,1.89,1.21,1.04,1.5,0.71,1.2,1.57,1.2,1.11,2.08,1.53,2.36,2.37,1.81,2.42,2.44,2.81,3.16,3.09,2.82,3.65,3.09,3.7,3.47,3.57,4.03,4.27,4.14,4.84,4.91,4.65,4.95,4.65,5.55,4.87,5.52,5.76,5.54,5.95,6.43,6.44,6.35,6.15,6.64,6.44,7.02,7.44,7.45,7.85,7.18,7.81,7.64,8.54,8.43,8.53,8.55,8.21,8.3,8.89,9.58,8.99,9.16,9.76,9.81,9.94,9.78,10.24,10.56,10.79,10.73,11.21,11.24,10.74,11.63,11.42,11.8,11.44,12.04,12.4,12.02,12.53,12.82,12.66,12.55,12.74,12.62,12.67,13.1,13.27,13.43,25.51,26.07,25.72,26.04,26.32,26.82,26.81,27,27.13,26.84,26.99,27.45,27.61,27.33,28.01,28.03,28.19,28.28,28.51,28.53,29.15,28.45,28.8,28.73,29.34,29.03,29.72,29.53,29.91,30,30,29.94,30,30,30,30,30,30,30,30,30,30,30,30,30,30,30,30,30,30,30,30,30,30,30,30,30,30,30,30,30,30,30,30,30,30,30,30,30,30,30,30,30,30,30,30,30,30,30,30,30,30,30,30,30,30,30,30,30,30,30,30,30,30,30,30,30,30,30,30,30,30,30,30,30,30,30,30,30,30],[4.75,4.77,4.3,3.84,3.9,3.68,3.99,3.52,3.98,2.92,3.27,3.26,2.84,2.42,2.99,2.15,2.17,2.47,2.05,1.78,1.97,1.94,1.13,1.73,1.57,1.4,0.74,0.81,1.93,1.23,1.63,1.52,2.39,2.09,2.48,2.72,3.11,2.9,3.09,2.66,3.58,3.52,3.84,4.02,4.16,4.19,4.32,4.63,3.99,4.21,4.49,4.95,4.86,5.61,5.48,5.12,6.07,5.8,5.83,5.8,6.63,6.83,6.19,7.11,6.78,6.69,6.74,7.59,7.19,7.32,7.73,8.38,7.65,8.19,8.55,8.7,9.1,8.85,8.6,9.27,9.72,9.57,9.97,9.35,9.89,10.39,9.92,10.47,10.26,10.72,11.09,10.97,11.53,11.04,11.46,11.24,11.36,12.16,12.09,11.67,12.62,12.65,12.95,13.06,13.14,13.29,12.96,13.42,13.45,25.87,26.07,25.79,26.47,25.96,26.52,26.43,26.51,26.48,26.89,27.28,27.09,27.66,27.93,27.22,27.92,28.44,28.04,28.44,27.98,28.33,28.26,28.78,28.87,29.09,29.45,29.14,29.97,29.75,29.92,30,30,29.97,30,30,30,30,30,30,30,30,30,30,30,30,30,30,30,30,30,30,30,30,30,30,30,30,30,30,30,30,30,30,30,30,30,30,30,30,30,30,30,30,30,30,30,30,30,30,30,30,30,30,30,30,30,30,30,30,30,30,30,30,30,30,30,30,30,30,30,30,30,30,30,30,30,30,30,30,30],[4.67,4.31,4.72,4.75,4.06,4.56,3.67,3.53,4.02,3.85,3.09,3.53,3.42,2.9,2.48,2.94,2.26,2.49,2.62,1.66,1.52,1.95,1.98,1.08,1.2,0.74,1.18,0.97,1.62,1,1.65,1.32,1.5,2.25,1.83,2.24,2.46,2.33,2.63,3.31,3.52,3.02,3.77,3.09,3.96,3.89,4.26,4.17,4.38,4.11,4.53,4.7,5.11,4.78,4.95,5.37,5.42,5.97,5.33,5.69,5.98,6.75,5.97,7,6.26,6.82,6.88,7.04,7.31,7.83,7.82,8.04,7.52,8.49,7.79,8.6,8.16,8.37,8.82,9.28,8.92,9.36,9.69,9.43,9.33,9.35,10.41,9.99,10.18,10.51,10.58,11.21,10.64,11.55,11.23,11.39,11.82,11.16,11.37,12.32,12.11,12.45,11.96,12.96,12.95,12.84,13.18,12.67,13.24,25.26,25.96,26,25.72,26.03,25.78,26.38,26.56,27.1,26.6,26.95,27.42,27.43,27.58,27.64,27.83,27.49,28.47,27.9,27.95,28.07,28.21,28.96,29.01,29.36,28.98,29.58,29.48,29.58,30,30,29.93,30,30,30,30,30,30,30,30,30,30,30,30,30,30,30,30,30,30,30,30,30,30,30,30,30,30,30,30,30,30,30,30,30,30,30,30,30,30,30,30,30,30,30,30,30,30,30,30,30,30,30,30,30,30,30,30,30,30,30,30,30,30,30,30,30,30,30,30,30,30,30,30,30,30,30,30,30,30],[5.08,5.3,4.72,4.19,4.36,4.74,3.76,3.73,3.73,3.93,3.13,3.1,3.56,3.21,2.9,2.68,2.76,2.45,2.06,2.12,2.29,2.18,1.48,1.28,1.11,0.81,0.97,1.13,1.52,1.09,1.7,1.45,1.92,1.85,2.05,2.67,1.95,2.82,2.31,2.36,2.48,2.95,3.49,3.42,3.28,3.55,3.72,3.72,4.64,4.44,4.19,4.11,4.9,5.12,5.08,5.1,4.97,5.82,5.69,5.33,5.52,5.73,5.9,5.98,6.95,6.45,7.34,6.93,7.26,7.25,7.67,7.27,7.81,8.35,7.76,8.24,8.51,8.19,8.83,8.62,9.33,9.08,9.41,9.1,9.79,9.25,9.8,9.76,9.72,10.17,10.23,10.64,10.67,11.06,10.57,11.24,11.21,11.85,11.26,12.18,11.87,12.02,11.91,11.95,12.64,12.64,13.29,12.94,13.62,25.42,25.87,25.94,25.68,26.39,25.94,26.16,26.57,26.56,26.9,26.61,26.87,27.21,27.36,27.46,27.13,27.59,28.07,27.79,27.92,28.56,28.57,28.15,28.68,28.6,28.55,29.09,29.77,29.59,29.37,29.92,30,29.73,30,30,30,30,30,30,30,30,30,30,30,30,30,30,30,30,30,30,30,30,30,30,30,30,30,30,30,30,30,30,30,30,30,30,30,30,30,30,30,30,30,30,30,30,30,30,30,30,30,30,30,30,30,30,30,30,30,30,30,30,30,30,30,30,30,30,30,30,30,30,30,30,30,30,30,30,30],[5.25,5.31,5.22,4.98,4.33,4.56,3.89,3.76,3.75,4,3.66,3.1,2.91,3.18,2.61,2.55,2.88,2.51,2.91,2,1.76,1.64,1.42,1.8,2.08,1.93,1.62,1.52,1.33,0.92,1.14,1.52,1.8,1.5,1.5,2.24,1.94,2.39,2.57,2.31,3.24,2.52,2.92,3.06,3.57,3.38,3.96,4.11,3.77,4.5,4.43,4.55,4.51,4.72,4.73,4.78,5.49,5.81,5.63,5.21,5.41,6.1,5.72,6.6,5.94,6.53,6.72,6.78,6.72,6.98,6.98,7.58,7.61,7.82,7.5,8.52,7.99,7.91,8.55,9.09,9.29,9.27,9.28,9.34,9.46,9.39,10.1,9.51,9.75,9.9,9.88,9.99,11.09,10.91,11.29,11.27,11.55,11.8,11.87,11.87,11.88,12.37,12.5,11.89,12.18,12.58,12.72,12.97,13.26,24.93,25.07,25.57,25.86,26.23,26.17,25.8,25.91,26.31,26.32,26.76,26.58,26.58,26.88,26.81,27.64,27.79,27.75,28.04,28.04,28.1,28.52,28.47,28.94,28.97,28.76,28.85,29.65,29.82,29.5,29.58,29.38,29.78,30,30,30,30,30,30,30,30,30,30,30,30,30,30,30,30,30,30,30,30,30,30,30,30,30,30,30,30,30,30,30,30,30,30,30,30,30,30,30,30,30,30,30,30,30,30,30,30,30,30,30,30,30,30,30,30,30,30,30,30,30,30,30,30,30,30,30,30,30,30,30,30,30,30,30,30,30],[5.5,5.36,4.63,4.95,5.21,4.53,4.4,4.7,4.63,4.2,4.18,3.43,3.68,3.61,3.52,2.81,3.08,3.2,2.2,2.44,2.79,1.75,2.42,1.94,1.53,1.23,1,1.09,0.92,1.14,1.28,1.4,1.8,1.53,1.26,1.84,1.65,2.36,2.55,2.57,2.49,2.56,3.13,2.9,3.67,2.95,3.45,3.53,3.53,4.5,4.1,4.06,4.16,4.43,4.42,5.06,5.15,5.06,5.57,5.56,5.34,6.27,5.55,6.33,5.79,6.44,6.96,6.63,6.79,7.07,7.14,6.88,7.15,7.57,7.7,7.59,8.14,7.93,8.7,8.35,8.22,9.04,8.96,9.31,9.16,8.98,10.04,9.28,9.47,9.98,10.43,10.45,10.51,10.63,11,10.73,11.45,11.08,11.1,11.19,11.34,11.52,11.55,12.21,11.86,12.48,12.11,13.17,12.47,25.49,25.17,25.49,25.55,25.35,25.42,25.75,25.7,25.86,26.58,26.16,26.77,26.94,26.73,26.72,27.25,27.8,28.04,28.04,27.56,28.31,27.92,27.91,28.37,28.72,28.26,29.27,28.74,29.27,29.44,29.54,30,29.37,29.8,29.81,30,30,30,30,30,30,30,30,30,30,30,30,30,30,30,30,30,30,30,30,30,30,30,30,30,30,30,30,30,30,30,30,30,30,30,30,30,30,30,30,30,30,30,30,30,30,30,30,30,30,30,30,30,30,30,30,30,30,30,30,30,30,30,30,30,30,30,30,30,30,30,30,30,30,30],[5.44,5.66,4.9,5,4.56,4.53,4.24,4.35,4.18,3.97,4.07,3.96,3.72,3.13,3.78,3.13,2.79,2.79,2.31,2.43,2.91,1.97,2.61,2.23,2.36,1.63,1.65,1.7,1.14,1.28,1.28,0.84,1.53,1.35,1.8,1.38,2.28,2.01,2.11,2.62,2.34,3.09,3.29,3.45,2.82,3.68,3.42,3.57,3.62,4.19,3.93,4.15,4.03,4.31,4.28,4.62,5.22,4.72,5.45,5.69,5.58,5.61,6.19,5.75,6.59,6.74,6.45,6.57,6.99,7.07,7.11,7.36,7.34,7.1,7.97,7.82,7.57,7.76,8.63,8.34,8.46,8.58,8.64,9.3,8.96,8.89,8.92,9.18,9.49,10.23,9.74,10.22,10.12,10.45,10.59,11.21,10.63,10.94,10.73,11.69,11.44,11.77,12.22,12.39,11.9,11.92,11.92,13.04,12.4,24.61,24.55,25.01,25.23,25.16,26.07,26.02,25.59,25.71,26.08,26.58,26.59,26.48,27.03,26.7,26.93,26.9,27.84,28.04,28.11,28.06,28.09,28.11,28.43,28.26,28.39,29.18,29.21,29.15,29.59,29.53,29.97,30,30,30,29.86,30,30,30,30,30,30,30,30,30,30,30,30,30,30,30,30,30,30,30,30,30,30,30,30,30,30,30,30,30,30,30,30,30,30,30,30,30,30,30,30,30,30,30,30,30,30,30,30,30,30,30,30,30,30,30,30,30,30,30,30,30,30,30,30,30,30,30,30,30,30,30,30,30,30],[5.28,5.05,5.2,5.04,5.11,5.1,4.6,4.77,4.93,4.05,4.64,4.32,4.03,3.8,3.94,3.82,3.01,2.66,2.93,3.03,3.01,2.87,2.05,1.87,2.37,1.52,1.32,1.45,1.52,1.4,0.84,1.27,0.9,0.96,1.94,1.68,1.29,1.92,2.38,1.88,1.95,2.24,2.47,2.39,2.72,2.89,3.14,3.16,3.12,3.21,3.96,3.55,4.42,3.83,4.21,5.02,4.29,5.29,5.43,5.48,4.89,5.08,5.33,5.79,6.39,6.24,6.45,6.07,6.7,6.51,6.93,7.13,7.3,7.34,7.86,7.24,7.93,7.97,8.08,8.58,7.98,8.3,8.25,8.9,8.47,9.53,9.59,9.02,10.02,9.48,9.79,10.5,10.11,10.75,10.11,10.93,11.06,11.35,11.39,10.79,11.78,11.36,11.59,11.96,12.06,12.3,12.3,12.51,12.52,24.64,25.01,24.57,24.72,24.86,25.53,25.74,25.39,26.12,25.89,26.58,26.67,26.06,26.79,27.16,26.54,26.64,26.84,27.25,27.97,27.49,27.59,28.05,28.11,28.25,28.38,28.36,28.88,29.28,28.84,28.95,29.33,29.41,29.73,30,29.46,30,30,30,30,30,30,30,30,30,30,30,30,30,30,30,30,30,30,30,30,30,30,30,30,30,30,30,30,30,30,30,30,30,30,30,30,30,30,30,30,30,30,30,30,30,30,30,30,30,30,30,30,30,30,30,30,30,30,30,30,30,30,30,30,30,30,30,30,30,30,30,30,30,30],[5.3,5.74,5.88,5.49,5.52,4.76,5.21,4.94,4.14,4.28,3.93,4.6,3.96,3.6,3.45,3.14,3.16,3.28,3.4,3.42,2.96,2.56,2.66,1.9,1.81,2.39,1.5,1.92,1.8,1.8,1.53,0.9,0.88,1.24,1.76,1.67,1.28,1.51,1.82,2.5,1.76,2.43,2.11,2.92,2.84,3.36,2.84,3.57,2.95,3.7,4.15,3.66,3.92,4.57,4.47,4.3,4.59,4.52,4.81,4.56,5.68,5.34,5.09,5.16,5.53,6.13,6.43,6,6.28,6.93,6.26,6.78,7.47,7.39,7.41,7.11,7.66,7.72,7.94,8.53,7.98,8.58,8.07,8.25,8.73,8.84,8.96,9.2,9.42,9.58,10.15,10,9.59,9.89,10.19,10.64,10.38,11.15,11.01,10.57,10.96,11.21,11.71,11.31,11.94,12.42,12.23,12.6,12.28,24.32,24.48,24.38,24.9,24.83,25.25,25.31,25.82,26.01,25.97,25.61,26.23,26.03,26.76,26.81,26.34,26.64,27.06,27.48,27.43,27.73,28.05,27.59,28.42,28.33,28.4,28.36,28.71,28.55,28.73,29.02,28.79,29.47,29.17,29.17,29.93,29.58,30,30,30,30,30,30,30,30,30,30,30,30,30,30,30,30,30,30,30,30,30,30,30,30,30,30,30,30,30,30,30,30,30,30,30,30,30,30,30,30,30,30,30,30,30,30,30,30,30,30,30,30,30,30,30,30,30,30,30,30,30,30,30,30,30,30,30,30,30,30,30,30,30],[5.6,5.85,6.01,5.59,5.19,4.89,4.67,4.87,4.58,4.28,4.79,4.77,4.56,3.56,4.19,3.64,3.41,3.56,3.07,2.63,2.84,3,2.66,2.3,2.42,2.09,2.25,1.85,1.5,1.53,1.35,0.96,1.24,1.27,1.19,0.9,1.47,1.33,1.53,2.28,1.88,2.5,2.73,2.75,2.85,2.4,3.27,3,3.38,2.96,3.28,3.76,3.55,3.7,3.76,4.4,4.3,5.07,4.73,5.01,4.72,5.34,5.22,5.28,5.76,5.65,5.94,5.66,6.41,6.57,6.59,6.9,6.58,6.72,6.75,6.97,7.81,7.11,7.8,8.1,8.42,8.43,8.28,8.22,8.16,8.37,8.98,9.46,8.8,9.15,9.53,9.49,10.28,9.93,9.72,10.31,10.74,10.62,10.26,10.5,10.59,10.78,11.13,11.1,11.23,11.64,12,12.13,11.75,24.08,24.48,25.12,25.19,25.39,24.67,25.36,25.57,25.63,26.12,26.14,25.98,26.68,26.24,26.31,26.61,26.55,26.88,27.39,27.7,27.8,27.06,28.09,28.31,28.21,28.46,28.49,28.86,29.04,29.06,28.76,29.4,29.25,29.69,29.66,29.69,30,29.66,29.68,30,30,30,30,30,30,30,30,30,30,30,30,30,30,30,30,30,30,30,30,30,30,30,30,30,30,30,30,30,30,30,30,30,30,30,30,30,30,30,30,30,30,30,30,30,30,30,30,30,30,30,30,30,30,30,30,30,30,30,30,30,30,30,30,30,30,30,30,30,30,30],[6.54,5.93,6.25,5.45,5.91,5.51,5.34,5.4,4.58,5.09,4.7,4.29,4.05,4.56,4.09,3.99,3.59,3.48,3.8,3.74,2.76,2.53,2.35,3.12,2.44,2.48,1.83,2.05,1.5,1.26,1.8,1.94,1.76,1.19,0.57,0.9,1,0.97,1.15,2.02,1.48,2.11,2.53,2.37,2.56,2.33,2.63,2.81,2.99,3.08,3.35,3.46,3.62,3.41,3.53,3.99,4.76,4.51,5,4.36,4.97,5.16,5.11,5.49,5.89,6.15,5.5,6.33,6.23,6.67,5.99,6.53,7.17,6.91,7.41,7.32,7.62,7.63,8.01,7.75,7.95,8,8.46,7.96,8.16,8.81,8.9,8.94,8.74,9.15,9.39,9.14,10.04,9.37,10.1,10.44,10.43,10.67,10.5,11.24,10.59,11.39,11.65,11.69,11.42,11.24,11.38,11.75,12.54,24.09,24.81,24.31,24.42,25.27,24.67,24.76,25.1,25.6,25.99,25.65,25.48,26.26,25.73,26.41,26.33,27.13,26.54,26.94,27.17,27.69,27.68,27.86,27.22,28.05,28.4,27.88,28.71,28.25,28.19,28.85,29.01,28.64,29.63,29.76,29.16,29.18,30,29.92,30,29.86,30,30,30,30,30,30,30,30,30,30,30,30,30,30,30,30,30,30,30,30,30,30,30,30,30,30,30,30,30,30,30,30,30,30,30,30,30,30,30,30,30,30,30,30,30,30,30,30,30,30,30,30,30,30,30,30,30,30,30,30,30,30,30,30,30,30,30,30,30],[5.82,6.11,5.92,6.08,6.1,5.93,4.88,5.57,5.16,4.91,4.41,4.32,4.92,4.65,4.63,3.99,4.34,3.59,3.7,3.85,3.17,2.81,3.01,2.69,2.81,2.72,2.24,2.67,2.24,1.84,1.38,1.68,1.67,0.9,0.9,1.42,1.63,1.61,1.15,1.77,1.35,2.29,2.15,2.15,2.46,2.78,2.33,2.66,2.89,2.97,2.89,3.07,3.95,3.57,3.37,4.08,4.15,4.77,4.78,4.37,4.83,4.9,5.2,5.36,5.28,5.62,5.27,5.4,5.87,5.65,6.36,6.27,6.39,6.21,7.18,6.54,6.85,7.58,7.46,7.77,8.23,7.65,7.94,8.42,8.27,8.07,8.67,8.99,9.22,9.3,8.83,9.15,10.03,10.17,9.49,9.74,9.88,9.91,10.73,10.47,11.17,11.22,11.46,11.47,11.83,11.24,11.57,11.46,11.48,24.49,23.99,24.32,24.55,24.99,25.01,24.73,25.23,25.3,25.51,25.15,25.31,26.01,26.31,25.91,25.92,26.03,26.71,27.18,26.46,27.57,27.19,26.93,27.41,27.53,27.88,28.28,28.59,28.11,28.8,28.39,28.84,29.05,28.56,28.85,29.57,29.87,29.31,29.91,30,29.79,30,29.96,30,30,30,30,30,30,30,30,30,30,30,30,30,30,30,30,30,30,30,30,30,30,30,30,30,30,30,30,30,30,30,30,30,30,30,30,30,30,30,30,30,30,30,30,30,30,30,30,30,30,30,30,30,30,30,30,30,30,30,30,30,30,30,30,30,30,30],[6.77,6.23,5.77,6.32,6.02,5.53,5.11,4.96,4.74,4.68,4.78,4.92,4.28,4.19,4.7,4.25,4.07,3.86,3.73,3.29,3.6,3.65,3.46,2.82,3.16,3.11,2.46,1.95,1.94,1.65,2.28,1.29,1.28,1.47,1,1.63,1.41,0.85,1.43,1.7,1.96,2.08,2.1,1.96,2.61,2.29,2.93,2.84,2.55,2.6,2.75,3.52,3.66,3.98,3.9,4.18,3.77,3.93,4.75,4.88,4.19,4.71,4.74,5.45,5.48,5.31,5.08,5.25,6.24,5.83,6.57,6.06,6.22,6.06,7.01,7.14,6.91,7.33,6.86,7.53,7.68,8,7.78,8.05,8.12,7.91,8.56,8.93,9.07,8.68,9.17,9.12,9.36,9.53,9.48,9.95,10.05,9.7,10.55,10.24,10.67,10.48,11.04,11.35,11.04,11.24,11.63,11.2,11.4,23.59,23.79,24.41,24.41,24.45,24.41,25.2,25.21,24.97,25.05,25.5,25.22,25.46,25.45,25.56,26.49,26,26.95,26.58,26.84,26.8,27.33,27.67,27.22,27.37,27.31,27.55,28.03,27.81,28.6,28.59,29.09,28.42,29.17,28.72,29.06,29.84,29.47,29.2,30,30,30,29.96,29.99,30,30,30,30,30,30,30,30,30,30,30,30,30,30,30,30,30,30,30,30,30,30,30,30,30,30,30,30,30,30,30,30,30,30,30,30,30,30,30,30,30,30,30,30,30,30,30,30,30,30,30,30,30,30,30,30,30,30,30,30,30,30,30,30,30,30],[6.48,6.35,6.41,6.34,5.63,6.24,6.08,5.94,5.73,5.68,4.86,4.92,4.91,4.9,4.24,4.51,3.84,3.66,4.3,3.64,3.42,3.25,2.81,2.95,3.09,2.9,2.33,2.82,2.39,2.36,2.01,1.92,1.51,1.33,0.97,1.61,0.85,0.97,1.4,1.28,1.36,1.89,2.16,2.05,2.54,1.86,2.23,2.29,2.59,2.52,3.13,3.07,2.8,3.13,4.02,4.07,4.04,4.41,3.81,4.31,4.06,4.93,4.38,4.44,4.63,5.62,5.37,5.11,5.63,5.41,6.12,6.31,6.3,6.7,6.88,6.21,6.41,6.57,7.58,7.4,7.76,7.27,7.56,8.11,8.41,7.95,8.35,8.33,9.06,8.36,9.1,8.72,9.5,9.81,9.53,9.56,10.08,9.6,10.54,9.87,10.46,11.06,10.92,10.65,11.08,11.41,11.47,11.15,11.68,24.04,23.81,24.31,23.76,24.04,24.96,24.56,24.88,25.04,25.56,25.62,25.75,25.19,25.82,25.66,26.45,26.63,26.2,26.38,26.69,26.83,26.49,26.81,27.2,26.94,27.36,27.43,27.8,28.34,28.39,28.8,28.62,28.2,29.07,28.71,29.48,29.1,29.1,29.84,29.16,29.95,29.9,30,30,29.91,30,30,30,30,30,30,30,30,30,30,30,30,30,30,30,30,30,30,30,30,30,30,30,30,30,30,30,30,30,30,30,30,30,30,30,30,30,30,30,30,30,30,30,30,30,30,30,30,30,30,30,30,30,30,30,30,30,30,30,30,30,30,30,30,30],[6.7,6.63,6.51,6.42,5.8,5.63,5.34,6.1,5.56,5.28,4.99,5.27,4.86,4.71,4.41,4.45,4.41,4.36,4.12,3.83,3.35,3.95,3.27,3.14,2.82,3.09,2.63,2.31,2.57,2.55,2.11,2.38,1.82,1.53,1.15,1.15,1.43,1.4,0.94,1.11,1.5,1.61,2.06,1.99,1.68,1.84,2.61,2.65,2.19,3.06,2.85,3.15,2.61,2.99,3.81,3.47,3.21,4.24,3.57,4,4.42,4.06,4.27,5.05,5.17,5.16,5.62,5.46,5.62,5.25,5.75,6.27,5.83,6.36,6.33,6.91,6.82,6.43,6.78,7.46,7.26,7.84,7.8,7.68,7.63,7.95,8.11,8.26,8.48,8.78,8.77,9.41,9.4,9.18,9.54,9.58,9.94,9.82,9.63,9.77,10.56,10.15,10.79,10.58,10.61,10.79,11.53,10.85,11.94,23.54,23.97,23.47,23.94,24.71,24.39,24.83,24.5,24.75,25.17,25.35,25.02,25.05,25.88,26.02,25.63,25.92,26.36,26.8,26.71,26.32,27.25,26.48,27.25,27.48,27.71,27.28,27.99,27.76,27.74,28.53,28.28,28.76,28.25,28.83,28.98,28.8,28.89,29.35,29.71,29.38,29.33,30,30,30,30,30,30,30,30,30,30,30,30,30,30,30,30,30,30,30,30,30,30,30,30,30,30,30,30,30,30,30,30,30,30,30,30,30,30,30,30,30,30,30,30,30,30,30,30,30,30,30,30,30,30,30,30,30,30,30,30,30,30,30,30,30,30,30,30],[6.45,6.22,6.8,6.38,6.26,6.51,6.24,6.15,5.66,5.03,5.42,5.22,5.04,4.48,4.81,5,4.18,4.63,4.19,3.74,4.18,3.89,3.93,2.9,3.65,2.66,3.31,2.36,2.31,2.57,2.62,1.88,2.5,2.28,2.02,1.77,1.7,1.28,1.11,1.4,0.97,0.95,1.86,1.53,1.61,2.16,1.61,2.16,2.82,2.86,2.62,3.3,3.17,2.88,3.63,3.62,3.33,3.25,3.38,4.28,4.55,4.75,4.38,4.11,4.85,5.36,5.28,4.84,5.02,5.5,5.84,5.78,5.7,6.23,6.6,6.02,6.7,6.75,6.52,6.93,7.44,7.23,7.22,8.03,7.75,8.23,7.69,8.4,7.91,8.1,9.15,8.61,9.42,9.52,9.18,9.79,9.2,10.05,10,9.8,10.61,10.38,10.46,10.65,10.76,10.92,10.74,11.58,11.23,23.75,23.29,23.78,24.36,24.43,24.19,24.44,24.22,24.41,24.41,24.75,24.75,25.15,25.07,25.64,25.4,25.65,25.98,26.32,26.66,26.3,26.29,26.7,27.42,26.69,26.88,27.38,27.44,27.33,27.48,27.98,27.71,28.37,28.17,28.13,28.75,28.56,29.22,29.37,29.4,29.74,29.15,29.99,29.9,29.8,30,29.9,30,30,30,30,30,30,30,30,30,30,30,30,30,30,30,30,30,30,30,30,30,30,30,30,30,30,30,30,30,30,30,30,30,30,30,30,30,30,30,30,30,30,30,30,30,30,30,30,30,30,30,30,30,30,30,30,30,30,30,30,30,30,30],[7.32,7.06,7.14,6.42,6.79,6.11,5.84,5.65,5.64,5.5,5.63,5.64,5.12,5.44,4.7,4.88,4.62,4.86,3.9,4.52,4.44,4.21,3.98,3.17,3.09,3.58,3.52,2.48,3.24,2.49,2.34,1.95,1.76,1.88,1.48,1.35,1.96,1.36,1.5,0.97,0.6,1.3,1.52,1.04,1.17,2.24,2.01,1.63,2.03,2.19,2.69,3.06,2.82,3.31,2.91,3.7,3.29,3.52,3.46,4.1,3.8,4.54,4.12,4.73,4.17,5,5.25,4.98,5.29,4.93,5.23,5.84,6,5.58,6.56,5.82,6.7,7,6.51,6.73,7.27,