{"name":"6LU7 (synthetic confidence)","length":306,"plddt":[62.5,58.9,58.9,63.6,63.1,62.7,63.4,62.9,64.7,66.1,63.7,62.6,68.8,68.4,68.9,64.4,67.3,69,68.8,69.2,69.6,69,73.1,68.5,70.5,74.9,71.8,75.7,72.9,74.3,72.8,72.8,74.7,74.5,75.1,73.5,78.9,76.7,78.2,77.6,76,79.9,78.4,81.3,82.9,83.7,81.4,81.8,83.9,82.6,84.7,82.3,85.2,86.4,84.2,82.9,88.2,84.8,85.2,85.6,90,87.3,86,87.7,92.5,93.1,88.8,93.1,92.3,90.5,90.8,91.4,92.3,87.8,92.3,90.7,90.1,87.9,87.9,91.2,90.4,87.5,88.1,92.3,88.2,88.7,91,92.2,91.7,88.2,91.7,88.9,87.6,90.9,92.7,87.2,90.9,91.9,90.2,87.4,91.2,88,90.5,91.8,87.9,87.8,89.7,88.5,89,87.7,88.7,89.8,91.8,92.1,92.1,88.8,89.3,91.1,90.7,91.8,87.6,90.4,91.9,91.8,91.8,89.9,90.7,87.9,93,87.5,89.5,90.1,89.6,87.4,91.6,90,88.3,91.5,89.9,90,91.9,90.2,87.4,90.7,91.6,89.6,90,91.4,89.9,92,89.7,91.3,67.2,66.6,66.3,63.3,66.3,62.4,65,62.7,66.5,66.8,63.8,65.7,63.2,67.7,63.8,62.4,62.9,67.5,62.3,63.3,65.8,64.2,63.8,66.7,66.7,92,87.9,87.3,87.5,87.5,92.9,91.9,90.3,89.5,88.7,88.3,89.1,88.8,92.9,89,92,88,90.9,91.6,92.6,91.3,89.3,89.7,91.2,90.2,90.2,89.7,92.6,90.5,88.3,88.6,89.7,92,90.8,93.5,88.9,88.5,90.7,90.7,89.2,87.5,86.6,89.5,88.5,85,87.4,88.6,84.6,84.6,85,85.1,86.7,84.2,81.9,85.7,81.4,85.2,82.9,85.1,82.6,83.8,78.2,81.4,78.2,78.7,81.9,78.2,81,80.3,76.2,74.9,79.8,79.8,74.7,76,74.1,77.2,74.8,73,72.5,76.7,73.7,72.7,75,75.1,74.3,71.8,71.1,70.3,69.3,71.4,69.3,66.2,70.3,70.3,68.2,67.7,67.3,65.8,68.3,65,65.5,65.1,65,64.6,62.2,65.4,66.1,64.9,61.4,59.1,59.5,58.7,63,62.2,60.1,56.9,59.9,59.2,61.3,57.8,55.9,59,54.1,59,54.8,53.3,56.1,53.3],"pae":[[1.13,1.56,1.62,0.99,1.53,2.13,2,2.21,1.93,2.81,2.44,2.36,2.34,3.42,3.55,3.73,3.6,3.7,3.57,4.03,3.95,3.75,4.12,4.79,4.23,5.15,5.01,5.24,5.67,5.22,5.02,6.01,6.27,6.3,5.93,6.16,6.01,6.09,6.34,6.68,7.41,7.47,6.99,7.74,7.24,8.17,7.49,7.64,8.59,8.55,8.28,8.85,9.1,8.9,9.3,9.22,9.41,9.32,10.05,9.59,9.94,9.94,9.87,10.91,10.77,10.98,10.63,11.39,11.44,11.06,11.8,11.49,11.82,12.17,12.29,12.16,12.64,12.73,12.9,12.97,12.55,13.33,12.94,13.85,13.16,14.23,13.81,13.88,13.88,14.69,14.46,15.12,14.75,15.31,14.8,15.54,15.18,15.32,15.97,15.45,15.54,16,16.76,16.39,16.18,16.29,16.43,17.51,16.71,17.37,17.84,17.55,17.81,17.73,18.24,18.17,17.94,18.43,19.17,19.34,18.7,19.14,19.21,19.5,20.09,19.31,20.05,19.6,20.26,20.17,20.7,20.94,21.21,21.11,21.28,21.72,21.2,21.48,21.83,21.89,21.93,21.92,22.26,22.41,22.46,22.42,23.13,22.59,22.7,23.4,23.34,23.96,23.53,30,30,30,30,30,30,30,30,30,30,30,30,30,30,30,30,30,30,30,30,30,30,30,30,30,30,30,30,30,30,30,30,30,30,30,30,30,30,30,30,30,30,30,30,30,30,30,30,30,30,30,30,30,30,30,30,30,30,30,30,30,30,30,30,30,30,30,30,30,30,30,30,30,30,30,30,30,30,30,30,30,30,30,30,30,30,30,30,30,30,30,30,30,30,30,30,30,30,30,30,30,30,30,30,30,30,30,30,30,30,30,30,30,30,30,30,30,30,30,30,30,30,30,30,30,30,30,30,30,30,30,30,30,30,30,30,30,30,30,30,30,30,30,30,30,30,30,30,30,30,30,30,30],[1.56,1.06,1.12,0.89,0.99,1.98,1.27,1.82,1.93,2.53,2.1,2.22,3.14,2.41,2.48,3.56,3.72,3.83,3.16,4.17,3.55,3.61,3.8,4.18,4.19,4.6,5.1,4.87,5.26,5.55,5.48,5.5,5.81,5.96,6.33,6.02,6.62,6.34,6.16,6.66,6.57,6.94,7.51,7.07,7.44,7.91,7.55,8.14,8.1,7.77,8.72,8.72,8.95,9.1,8.89,9.14,9.11,9.43,9.05,9.54,9.51,9.6,10.15,10.56,10.64,10.94,10.51,11.12,11,10.82,10.89,11.33,11.27,12.07,11.77,12.42,12.69,12.84,12.43,12.69,12.88,13.32,13.34,13.53,12.98,14.06,13.71,13.78,14.5,14.1,13.97,14.68,14.91,15.25,14.98,15.26,15.39,15.14,15.37,15.24,16.27,15.63,15.99,16.14,16.93,16.96,17.16,16.98,16.62,17.55,16.92,17.23,17.61,17.34,18.28,17.78,18.26,18.12,18.66,18.31,18.5,19.11,19.25,19.24,19.22,19.56,19.52,19.58,20.05,19.75,20.39,20.46,20.92,20.54,20.62,20.6,20.9,21.81,21.8,21.86,22.13,21.8,22.02,22.68,22.42,22.34,23.22,22.91,22.99,23.48,22.92,23.16,23.34,30,30,30,30,30,30,30,30,30,30,30,30,30,30,30,30,30,30,30,30,30,30,30,30,30,30,30,30,30,30,30,30,30,30,30,30,30,30,30,30,30,30,30,30,30,30,30,30,30,30,30,30,30,30,30,30,30,30,30,30,30,30,30,30,30,30,30,30,30,30,30,30,30,30,30,30,30,30,30,30,30,30,30,30,30,30,30,30,30,30,30,30,30,30,30,30,30,30,30,30,30,30,30,30,30,30,30,30,30,30,30,30,30,30,30,30,30,30,30,30,30,30,30,30,30,30,30,30,30,30,30,30,30,30,30,30,30,30,30,30,30,30,30,30,30,30,30,30,30,30,30,30,30],[1.62,1.12,1.28,0.72,0.88,1.25,1.18,2.14,1.6,2.35,1.7,2.24,2.96,3.1,2.56,3.38,3,3.5,3.44,3.94,3.53,4.1,3.74,3.72,4.48,4.48,4.13,4.49,4.81,4.86,5.25,5.57,5.12,5.49,6.13,6.4,6.31,6.41,6.26,6.07,6.6,7.33,7.22,7.43,7.67,7.89,7.12,7.5,8.38,8.34,8.47,8.53,8.03,8.69,8.98,9.09,8.73,9.05,9.75,9.55,10.02,10.27,9.75,10.28,10.26,10.29,10.64,10.88,11.14,11.12,11.1,11.29,11.01,11.84,11.96,12.08,12.19,11.96,12.62,12.89,12.25,13.15,13.15,13.1,13.67,13.82,13.87,13.66,13.93,13.86,13.97,14.07,14.33,15.11,14.95,14.62,15.58,14.93,15.88,16.02,15.31,16.19,16.38,16.21,15.9,16.91,16.16,16.84,17.16,16.94,16.75,17.19,17.46,18.13,17.65,18.05,17.67,17.92,18.14,18.27,19.1,19.02,19.04,19.18,19.15,19.75,19.38,19.54,19.43,19.65,20.14,20.2,20.86,21.12,20.36,21.14,20.93,20.95,21.55,21.22,21.21,21.71,21.52,22.62,22.31,22.22,22.38,23.19,23.39,23.36,23.02,23.65,23.05,30,30,30,30,30,30,30,30,30,30,30,30,30,30,30,30,30,30,30,30,30,30,30,30,30,30,30,30,30,30,30,30,30,30,30,30,30,30,30,30,30,30,30,30,30,30,30,30,30,30,30,30,30,30,30,30,30,30,30,30,30,30,30,30,30,30,30,30,30,30,30,30,30,30,30,30,30,30,30,30,30,30,30,30,30,30,30,30,30,30,30,30,30,30,30,30,30,30,30,30,30,30,30,30,30,30,30,30,30,30,30,30,30,30,30,30,30,30,30,30,30,30,30,30,30,30,30,30,30,30,30,30,30,30,30,30,30,30,30,30,30,30,30,30,30,30,30,30,30,30,30,30,30],[0.99,0.89,0.72,1.43,0.83,1,1.63,1.76,1.48,2.09,1.79,2.31,2.2,2.2,2.82,2.68,3.42,3.57,3.35,3.34,3.86,3.59,3.4,4.33,4.6,4.27,4.35,4.27,5.11,4.46,5.44,4.88,4.99,5.31,5.41,5.68,5.52,5.7,6.56,6.54,6.36,6.95,6.97,7.41,7.09,7.32,7.51,7.92,7.86,8.34,7.62,7.73,8.85,8.17,8.96,8.97,8.67,8.83,9.62,9.29,9.1,9.8,9.74,9.71,10.31,10.75,10.63,10.4,10.38,11.15,11.05,11.34,11.82,11.23,11.86,11.86,12.21,12.44,12.22,12.23,12.19,12.44,12.42,12.68,12.81,13.31,13.56,13.55,13.43,13.86,13.79,14.44,14.23,14.15,14.58,14.34,14.73,15.15,15.52,15.46,15.42,16.15,15.72,15.99,16.37,16.62,16.94,16.65,16.69,17.25,17.09,17.11,17.28,17.49,18.01,17.48,17.86,17.78,18.65,18.32,19.02,18.43,18.5,18.51,18.99,18.99,19.42,19.89,19.37,19.61,19.78,20.04,19.98,20.1,20.49,21.01,20.98,21.21,21.17,21.49,21.07,22.18,21.95,21.96,22.28,22.49,22.78,22.55,22.96,23,23.32,23.22,23.28,30,30,30,30,30,30,30,30,30,30,30,30,30,30,30,30,30,30,30,30,30,30,30,30,30,30,30,30,30,30,30,30,30,30,30,30,30,30,30,30,30,30,30,30,30,30,30,30,30,30,30,30,30,30,30,30,30,30,30,30,30,30,30,30,30,30,30,30,30,30,30,30,30,30,30,30,30,30,30,30,30,30,30,30,30,30,30,30,30,30,30,30,30,30,30,30,30,30,30,30,30,30,30,30,30,30,30,30,30,30,30,30,30,30,30,30,30,30,30,30,30,30,30,30,30,30,30,30,30,30,30,30,30,30,30,30,30,30,30,30,30,30,30,30,30,30,30,30,30,30,30,30,30],[1.53,0.99,0.88,0.83,1.01,0.97,1.47,1.69,2.02,1.73,1.71,1.91,2.11,1.89,2.21,2.9,2.35,3.21,3.08,2.9,3.39,3.35,3.99,4.11,3.55,4.61,4.6,4.62,4.3,4.89,4.71,5.35,5.12,5.15,5.11,5.66,5.85,6.21,6.59,5.76,6.12,6.13,6.64,6.52,6.65,7.12,7.07,7.58,7.83,8.01,8.24,8.41,7.82,8,8.53,8.63,8.89,8.84,8.98,9.15,9.62,9.19,9.63,9.8,10.32,10.43,10.3,10.87,10.77,10.8,10.52,11.1,11.19,11.01,11.02,11.72,11.91,12.44,12.32,12.51,12.68,12.61,12.93,12.47,12.68,12.74,13.14,13.05,13.97,14.13,13.88,14.37,14.58,14.12,14.67,14.34,14.61,15.01,14.98,15.42,15.54,15.43,16.1,15.43,16.33,15.9,16.44,16.19,16.4,16.58,17.36,17.07,17.61,17.72,17.08,18.03,17.69,18.37,17.95,18.16,18.72,18.73,18.53,19.31,18.95,18.98,19.55,19.82,19.67,19.66,19.61,19.65,20.11,20.72,20.29,20.67,21.26,21.01,21.36,20.79,21.07,21.4,21.53,22.13,22.25,22.22,22.38,22.57,22.92,22.44,22.62,22.85,23.35,30,30,30,30,30,30,30,30,30,30,30,30,30,30,30,30,30,30,30,30,30,30,30,30,30,30,30,30,30,30,30,30,30,30,30,30,30,30,30,30,30,30,30,30,30,30,30,30,30,30,30,30,30,30,30,30,30,30,30,30,30,30,30,30,30,30,30,30,30,30,30,30,30,30,30,30,30,30,30,30,30,30,30,30,30,30,30,30,30,30,30,30,30,30,30,30,30,30,30,30,30,30,30,30,30,30,30,30,30,30,30,30,30,30,30,30,30,30,30,30,30,30,30,30,30,30,30,30,30,30,30,30,30,30,30,30,30,30,30,30,30,30,30,30,30,30,30,30,30,30,30,30,30],[2.13,1.98,1.25,1,0.97,0.81,1.56,0.98,1.9,1.23,1.79,1.83,2.06,2.7,2,2.48,2.9,2.38,2.75,3.08,3.71,3.25,3.38,3.23,4.28,3.78,3.87,4.65,4.77,5.08,4.53,5.16,4.6,4.95,5.01,5.91,6.08,6.26,6.16,5.78,6.09,6.28,6.67,6.33,6.68,6.68,7.17,7.64,7.43,7.34,8.06,8,8.22,8.26,8.39,8.83,8.52,8.84,9.02,9.13,9.05,8.91,9.96,9.46,9.51,9.83,9.85,9.87,10.11,10.19,10.28,10.42,11.54,10.8,11.76,11.35,11.53,12.01,11.62,12.02,12.16,12.45,13.03,12.24,12.58,13.11,13.04,13.36,13.26,13.86,13.98,13.96,13.59,14.38,14.54,14.62,14.71,15.18,14.59,15.57,15.5,15.37,15.62,15.64,15.45,16.13,16.64,16.64,16.86,16.38,16.39,17.08,17.2,16.98,17.73,17.82,17.6,18.15,17.97,18.38,18.41,18.59,18.46,18.7,18.4,18.57,19.58,19.21,19.12,19.3,19.43,19.7,19.95,20.52,20.09,20.02,20.41,20.85,21.02,20.69,21.14,21.14,21.24,21.82,21.46,22.41,22.21,21.99,22.57,22.95,22.66,22.85,23.53,30,30,30,30,30,30,30,30,30,30,30,30,30,30,30,30,30,30,30,30,30,30,30,30,30,30,30,30,30,30,30,30,30,30,30,30,30,30,30,30,30,30,30,30,30,30,30,30,30,30,30,30,30,30,30,30,30,30,30,30,30,30,30,30,30,30,30,30,30,30,30,30,30,30,30,30,30,30,30,30,30,30,30,30,30,30,30,30,30,30,30,30,30,30,30,30,30,30,30,30,30,30,30,30,30,30,30,30,30,30,30,30,30,30,30,30,30,30,30,30,30,30,30,30,30,30,30,30,30,30,30,30,30,30,30,30,30,30,30,30,30,30,30,30,30,30,30,30,30,30,30,30,30],[2,1.27,1.18,1.63,1.47,1.56,0.59,1.45,1.48,1.4,1.23,2.1,1.81,2.51,2.36,2.64,2.06,2.66,2.97,3.32,2.64,2.87,3.05,3.21,3.88,3.88,4.14,4.1,4.21,4,4.18,5.1,4.81,4.74,5.58,5.68,5.21,5.94,5.79,5.75,6.42,6.41,6.11,6.09,7.18,6.45,6.77,6.78,7.71,7.04,7.46,7.49,7.79,8.36,8.11,8,8.15,8.96,8.65,8.72,9.57,9.43,9.7,9.59,10.12,9.58,9.59,9.73,10.58,10.86,10.41,10.48,10.95,10.83,10.74,11.67,11.23,11.6,11.72,11.96,12.54,12.61,12.74,13.05,13.14,13.24,13.01,12.77,13,13.59,13.45,13.53,13.47,14.05,13.88,14.13,14.58,14.5,14.33,14.64,15.27,14.87,14.92,15.6,15.29,15.41,15.84,16.43,15.84,16.43,16.17,17.04,16.98,17.51,17.35,17.6,17.19,17.62,18.05,17.61,17.67,18.24,18.64,18.33,18.49,18.93,19.29,18.76,18.96,19.07,19.76,19.8,19.62,20.06,20.37,20.71,20.22,20.6,20.34,20.65,20.93,21.05,21.53,21.76,21.99,21.87,21.83,22,22.48,22.55,22.51,22.87,22.91,30,30,30,30,30,30,30,30,30,30,30,30,30,30,30,30,30,30,30,30,30,30,30,30,30,30,30,30,30,30,30,30,30,30,30,30,30,30,30,30,30,30,30,30,30,30,30,30,30,30,30,30,30,30,30,30,30,30,30,30,30,30,30,30,30,30,30,30,30,30,30,30,30,30,30,30,30,30,30,30,30,30,30,30,30,30,30,30,30,30,30,30,30,30,30,30,30,30,30,30,30,30,30,30,30,30,30,30,30,30,30,30,30,30,30,30,30,30,30,30,30,30,30,30,30,30,30,30,30,30,30,30,30,30,30,30,30,30,30,30,30,30,30,30,30,30,30,30,30,30,30,30,30],[2.21,1.82,2.14,1.76,1.69,0.98,1.45,1.28,1.23,1.61,1.34,1.86,1.8,2.23,2.47,2.11,1.91,2.08,2.31,2.33,2.89,3.28,3.41,3.65,3.14,3.45,3.68,4.47,4.22,4.5,4.53,5.01,4.72,4.95,5.27,5.09,4.92,5.76,5.65,6.13,6.02,6.16,6.42,6.68,6.61,7.04,7.14,6.54,7.59,7.57,7.32,8.03,8.23,8.38,7.72,7.98,7.98,8.72,8.98,8.94,8.83,9.53,9.5,8.96,9.65,9.4,10.34,9.63,9.89,10.65,10.37,10.66,10.92,11.24,10.96,11.37,11.65,11.35,11.51,12.24,12.44,12.49,12.33,12.36,12.64,12.42,13.04,12.99,13.55,13.11,13.89,14.02,13.34,13.51,13.57,14.07,14.7,14.41,14.41,15.15,14.58,14.65,14.86,15.24,15.26,15.53,15.83,16.25,16.16,16.66,16.26,16.19,16.51,16.76,17.01,17.45,16.9,17.61,17.87,17.58,18.36,18.4,17.89,18.08,18.42,18.34,19.27,19.24,18.96,18.85,19.51,19.92,19.8,19.89,19.73,19.78,20.04,20.55,20.62,20.64,21.21,20.92,21.69,20.98,21.38,21.87,22.3,22.01,22.42,21.95,22.1,22.79,22.37,30,30,30,30,30,30,30,30,30,30,30,30,30,30,30,30,30,30,30,30,30,30,30,30,30,30,30,30,30,30,30,30,30,30,30,30,30,30,30,30,30,30,30,30,30,30,30,30,30,30,30,30,30,30,30,30,30,30,30,30,30,30,30,30,30,30,30,30,30,30,30,30,30,30,30,30,30,30,30,30,30,30,30,30,30,30,30,30,30,30,30,30,30,30,30,30,30,30,30,30,30,30,30,30,30,30,30,30,30,30,30,30,30,30,30,30,30,30,30,30,30,30,30,30,30,30,30,30,30,30,30,30,30,30,30,30,30,30,30,30,30,30,30,30,30,30,30,30,30,30,30,30,30],[1.93,1.93,1.6,1.48,2.02,1.9,1.48,1.23,1.25,0.97,1.33,1.8,1.12,1.77,1.94,1.82,2.06,2.36,2.26,2.44,2.36,2.71,2.8,3.25,3.01,3.41,3.52,3.82,3.63,4.39,3.85,4.49,4.85,4.98,4.94,5.31,5.48,5.73,5.28,5.93,6.24,5.68,5.93,5.83,6.77,6.54,6.56,7.18,7.17,6.73,6.84,7.94,7.65,8.12,7.41,8.48,7.99,8.6,8.11,8.47,8.55,8.94,9.32,9.14,9.55,9.53,9.33,9.42,10.37,10.45,9.82,10.39,10.94,10.71,10.55,11.46,10.89,11.21,11.91,11.51,11.81,12.35,12.25,11.77,11.96,13.01,13.16,12.57,12.98,13.41,13.19,13.27,13.95,13.86,13.96,13.7,14.63,14.82,14.38,14.52,14.87,14.88,14.67,14.86,15.24,15.92,15.26,15.64,16.27,15.92,15.92,16.27,16.25,17.04,17.07,16.85,17.3,17.7,17.18,18.01,18.29,17.97,17.76,17.81,18.07,18.97,18.74,18.95,18.89,18.69,19.23,19.78,19.6,19.95,20.09,19.97,20.5,20.53,20.69,20.7,21.25,21.06,21.44,21.62,21.6,22.04,21.87,22.12,21.72,21.91,22.3,22.78,22.56,30,30,30,30,30,30,30,30,30,30,30,30,30,30,30,30,30,30,30,30,30,30,30,30,30,30,30,30,30,30,30,30,30,30,30,30,30,30,30,30,30,30,30,30,30,30,30,30,30,30,30,30,30,30,30,30,30,30,30,30,30,30,30,30,30,30,30,30,30,30,30,30,30,30,30,30,30,30,30,30,30,30,30,30,30,30,30,30,30,30,30,30,30,30,30,30,30,30,30,30,30,30,30,30,30,30,30,30,30,30,30,30,30,30,30,30,30,30,30,30,30,30,30,30,30,30,30,30,30,30,30,30,30,30,30,30,30,30,30,30,30,30,30,30,30,30,30,30,30,30,30,30,30],[2.81,2.53,2.35,2.09,1.73,1.23,1.4,1.61,0.97,0.88,1.06,1.16,1.68,2.07,1.92,1.57,2.36,1.79,2.49,2.6,2.84,3.26,3.12,2.67,3.44,3.48,3.84,4.03,4.31,3.85,3.94,4.05,4.03,4.49,4.66,4.74,4.86,5.28,5.79,5.55,5.72,5.54,6.09,5.96,6.35,6.2,7.02,6.76,6.74,6.57,7.65,7.65,7.86,7.46,7.71,8.14,8.52,7.97,7.95,8.71,8.47,9.14,8.85,9.41,8.75,9.15,9.36,10.1,9.91,10.48,10.58,10.64,10.45,10.18,10.28,10.54,10.86,11.04,11.76,11.49,11.24,11.8,12.28,12.15,11.77,12.54,12.2,12.91,13.06,13.41,13.17,13.75,13.95,13.88,14.16,13.85,13.8,14.13,14.05,14.68,14.33,14.41,15.31,15.1,15.22,15.55,15.49,16.19,15.67,15.82,15.99,16.74,16.24,16.53,17.08,16.92,17.21,17.65,17.48,17.03,17.79,17.44,18.21,18.55,18.32,18.31,18.91,18.56,18.8,19.42,18.77,19.48,19.2,19.23,20.07,19.81,20.1,20.38,20.72,20.7,20.22,20.72,20.86,20.82,21.15,21.77,21.89,21.79,22.23,22.01,21.99,21.94,22.2,30,30,30,30,30,30,30,30,30,30,30,30,30,30,30,30,30,30,30,30,30,30,30,30,30,30,30,30,30,30,30,30,30,30,30,30,30,30,30,30,30,30,30,30,30,30,30,30,30,30,30,30,30,30,30,30,30,30,30,30,30,30,30,30,30,30,30,30,30,30,30,30,30,30,30,30,30,30,30,30,30,30,30,30,30,30,30,30,30,30,30,30,30,30,30,30,30,30,30,30,30,30,30,30,30,30,30,30,30,30,30,30,30,30,30,30,30,30,30,30,30,30,30,30,30,30,30,30,30,30,30,30,30,30,30,30,30,30,30,30,30,30,30,30,30,30,30,30,30,30,30,30,30],[2.44,2.1,1.7,1.79,1.71,1.79,1.23,1.34,1.33,1.06,1.25,1.23,0.83,1.04,1.44,1.94,1.78,1.88,2.08,2.32,2.09,2.31,2.63,3.38,3.15,3.66,3.15,3.86,3.46,3.83,3.63,4.45,4.6,4.89,4.37,4.77,4.84,5.5,5.66,5.06,5.26,5.66,5.36,5.59,6.49,6.73,5.98,7,6.44,6.93,6.58,6.75,6.85,7.75,7.42,7.45,8.36,8.04,8.03,8.14,8.47,8.98,8.31,8.98,9.11,9.38,9.89,9.27,9.33,9.72,10.44,10.33,10.44,10.62,10.47,10.71,10.53,11.02,11.51,11.06,11.23,11.98,12.26,12.23,11.94,11.89,12.2,12.79,12.61,13.21,12.66,13.15,13,13.89,13.58,13.33,13.51,14.21,13.93,14.83,14.62,15.13,15.29,15.34,15.44,15.61,15.49,15.28,15.47,16.14,16.26,16.57,16.76,16.95,16.17,16.26,17.19,17.11,16.95,17.46,17.85,17.15,17.75,18.14,18.48,18.62,17.95,18.66,18.91,18.92,18.62,18.92,19.21,19.25,19.58,19.39,19.66,19.76,19.76,20.37,20.79,20.42,20.8,21.44,21.19,20.82,21.62,21.44,21.42,22,22.13,22.57,22.57,30,30,30,30,30,30,30,30,30,30,30,30,30,30,30,30,30,30,30,30,30,30,30,30,30,30,30,30,30,30,30,30,30,30,30,30,30,30,30,30,30,30,30,30,30,30,30,30,30,30,30,30,30,30,30,30,30,30,30,30,30,30,30,30,30,30,30,30,30,30,30,30,30,30,30,30,30,30,30,30,30,30,30,30,30,30,30,30,30,30,30,30,30,30,30,30,30,30,30,30,30,30,30,30,30,30,30,30,30,30,30,30,30,30,30,30,30,30,30,30,30,30,30,30,30,30,30,30,30,30,30,30,30,30,30,30,30,30,30,30,30,30,30,30,30,30,30,30,30,30,30,30,30],[2.36,2.22,2.24,2.31,1.91,1.83,2.1,1.86,1.8,1.16,1.23,1.38,1.42,1.1,1.14,1.78,1.88,2.02,2.53,1.85,2.02,2.09,2.75,3.02,2.49,2.97,2.85,2.94,3.73,4.12,3.77,4.35,4.19,4.2,4.95,4.42,4.51,4.49,5.38,4.78,5.32,5.64,5.81,6.19,5.85,6.31,6.63,6.81,6.8,6.57,6.59,7.34,7.25,7.59,7.49,8.06,7.37,8.18,7.62,7.94,7.86,8.63,8.37,8.34,9.26,9.53,9.7,9.24,9.85,9.87,10.13,10.16,10.15,10.08,10.51,10.87,10.52,10.75,10.92,11.47,11.07,11.61,11.58,11.51,11.96,12.52,12.75,12.06,12.06,13,12.56,13.41,12.75,12.88,13.78,13.3,13.58,13.73,13.72,14.51,14.42,14.24,14.55,15.11,14.63,15.53,14.93,15.16,15.81,15.85,16.05,15.97,16.63,16.19,16.83,16.39,16.66,16.54,17.17,17.42,17.81,17.62,17.38,17.41,18.24,18.41,17.83,17.98,18.91,18.9,18.76,18.94,18.96,19.02,19.73,19.98,20.23,19.59,19.62,19.77,20.79,20.25,20.58,20.68,20.75,21.26,21.33,21.58,21.56,21.46,21.91,22,22.32,30,30,30,30,30,30,30,30,30,30,30,30,30,30,30,30,30,30,30,30,30,30,30,30,30,30,30,30,30,30,30,30,30,30,30,30,30,30,30,30,30,30,30,30,30,30,30,30,30,30,30,30,30,30,30,30,30,30,30,30,30,30,30,30,30,30,30,30,30,30,30,30,30,30,30,30,30,30,30,30,30,30,30,30,30,30,30,30,30,30,30,30,30,30,30,30,30,30,30,30,30,30,30,30,30,30,30,30,30,30,30,30,30,30,30,30,30,30,30,30,30,30,30,30,30,30,30,30,30,30,30,30,30,30,30,30,30,30,30,30,30,30,30,30,30,30,30,30,30,30,30,30,30],[2.34,3.14,2.96,2.2,2.11,2.06,1.81,1.8,1.12,1.68,0.83,1.42,1.43,1.12,1.06,0.97,1.33,2.01,2.02,2.51,1.96,2.36,2.23,2.49,2.78,2.66,3.01,3.16,3.19,3.35,3.28,3.51,3.97,3.85,3.87,4.89,4.28,4.59,5.22,4.66,4.99,5.09,5.82,5.7,5.93,6.01,5.77,6.09,6.28,6.17,6.69,6.94,7.19,7.62,7.03,7.22,8.03,7.79,8.35,8.02,8.19,8.49,8.09,8.3,9.23,9.23,9.27,9.34,9.55,9.84,9.32,10.04,10.13,9.81,10.27,10.88,10.55,10.97,10.95,10.72,11.68,11.68,11.15,11.56,12.28,11.82,12.43,12.71,12.1,12.35,12.55,12.59,12.61,13.37,13.52,13.78,13.83,13.67,13.41,13.81,13.78,14.39,14.49,14.55,15.15,14.55,15.11,15.37,15.66,15.18,15.51,15.85,15.91,16.27,16.56,16.03,16.65,16.93,17.3,16.65,17.2,17.56,17.35,17.49,17.36,17.63,18.32,17.76,18.74,18.73,19.17,18.71,19.01,18.86,19.12,19.45,19.44,19.57,20.34,20.03,20.16,19.87,20.59,20.61,20.3,21.3,21.54,21.7,21.12,21.2,21.29,21.62,21.83,30,30,30,30,30,30,30,30,30,30,30,30,30,30,30,30,30,30,30,30,30,30,30,30,30,30,30,30,30,30,30,30,30,30,30,30,30,30,30,30,30,30,30,30,30,30,30,30,30,30,30,30,30,30,30,30,30,30,30,30,30,30,30,30,30,30,30,30,30,30,30,30,30,30,30,30,30,30,30,30,30,30,30,30,30,30,30,30,30,30,30,30,30,30,30,30,30,30,30,30,30,30,30,30,30,30,30,30,30,30,30,30,30,30,30,30,30,30,30,30,30,30,30,30,30,30,30,30,30,30,30,30,30,30,30,30,30,30,30,30,30,30,30,30,30,30,30,30,30,30,30,30,30],[3.42,2.41,3.1,2.2,1.89,2.7,2.51,2.23,1.77,2.07,1.04,1.1,1.12,1.28,0.78,1.77,1.94,2.01,1.86,1.67,1.77,2.28,1.87,2.41,2.98,2.43,2.52,3.28,3.52,3.73,4.02,3.22,3.77,4.35,4.61,4.12,4.13,5.01,5.05,4.54,4.92,5.5,5.73,5.26,5.58,5.36,6.36,6.12,6.31,6.29,6.93,6.8,7.33,7.23,7.49,6.97,7.4,7.74,8.01,7.69,8.14,7.92,8.62,8.28,8.94,8.33,8.88,9.48,8.76,9.26,9.67,10.03,9.48,10.32,9.99,10.35,10.1,10.36,10.27,11.17,11.33,11.38,11.69,11.24,12.04,11.31,11.98,11.73,12.58,12.4,12.48,12.39,13.28,12.99,13.65,13.19,13.78,13.7,13.52,13.6,14.44,13.85,14.49,14.78,14.23,15.11,15.25,15.02,15.52,15.56,15.31,15.28,15.73,16,16.48,16.71,16.48,16.64,16.8,17.26,17.1,17.6,17.26,17.08,18.15,18.1,18.16,18.02,17.97,18.72,18.33,18.38,18.83,19.33,19.52,19.7,19.24,19.79,19.88,19.91,19.73,19.7,19.95,20.54,20.28,20.85,21.3,20.85,20.83,21.54,21.68,21.85,22.29,30,30,30,30,30,30,30,30,30,30,30,30,30,30,30,30,30,30,30,30,30,30,30,30,30,30,30,30,30,30,30,30,30,30,30,30,30,30,30,30,30,30,30,30,30,30,30,30,30,30,30,30,30,30,30,30,30,30,30,30,30,30,30,30,30,30,30,30,30,30,30,30,30,30,30,30,30,30,30,30,30,30,30,30,30,30,30,30,30,30,30,30,30,30,30,30,30,30,30,30,30,30,30,30,30,30,30,30,30,30,30,30,30,30,30,30,30,30,30,30,30,30,30,30,30,30,30,30,30,30,30,30,30,30,30,30,30,30,30,30,30,30,30,30,30,30,30,30,30,30,30,30,30],[3.55,2.48,2.56,2.82,2.21,2,2.36,2.47,1.94,1.92,1.44,1.14,1.06,0.78,0.92,0.74,1.3,1.93,1.49,1.84,1.6,2.3,2.33,2.02,2.18,2.73,2.83,2.55,3.31,2.8,3.81,4.01,4.09,4.08,4.36,4.08,4.37,4.11,4.85,4.72,4.84,5.48,4.74,5.46,5.87,5.42,5.32,5.96,6.04,5.95,6.12,6.62,6.42,6.96,7.3,7.18,7.08,7.24,7.72,7.54,8.3,7.63,7.77,8.66,8.4,8.4,8.76,8.53,9.18,9.46,9.6,9.48,9.23,9.93,10.14,10.53,10.55,10.13,10.64,11.08,10.57,11.55,10.9,11.34,11.14,11.84,12.22,12.26,12.6,12.3,12.28,12.17,12.91,12.46,13.27,12.8,12.92,13.81,13.93,14.03,13.66,14.37,13.97,14.01,14.43,14.62,15.2,14.84,15.55,15.57,15.85,15.1,16.18,16.28,16.42,16.51,15.86,16.88,16.95,16.43,17.1,17.1,16.98,16.98,17.9,18.05,17.67,17.9,18.42,18.47,18.8,18.1,18.88,19.02,19.26,19.63,18.92,19.67,19.43,19.91,19.84,19.77,20.53,20.78,20.7,20.97,20.45,20.66,20.81,21.39,21.61,21.68,22.02,30,30,30,30,30,30,30,30,30,30,30,30,30,30,30,30,30,30,30,30,30,30,30,30,30,30,30,30,30,30,30,30,30,30,30,30,30,30,30,30,30,30,30,30,30,30,30,30,30,30,30,30,30,30,30,30,30,30,30,30,30,30,30,30,30,30,30,30,30,30,30,30,30,30,30,30,30,30,30,30,30,30,30,30,30,30,30,30,30,30,30,30,30,30,30,30,30,30,30,30,30,30,30,30,30,30,30,30,30,30,30,30,30,30,30,30,30,30,30,30,30,30,30,30,30,30,30,30,30,30,30,30,30,30,30,30,30,30,30,30,30,30,30,30,30,30,30,30,30,30,30,30,30],[3.73,3.56,3.38,2.68,2.9,2.48,2.64,2.11,1.82,1.57,1.94,1.78,0.97,1.77,0.74,0.79,1.08,1.36,1.55,1.5,2.04,1.65,2.41,2.6,1.96,2.92,2.23,3.2,2.78,2.89,3.27,3.19,3.19,3.42,4.17,3.8,4.33,3.89,4.24,4.34,4.29,4.4,4.87,5.54,5.27,5.35,5.87,6.22,6.04,6,6.62,6.44,6.88,6.55,6.54,6.61,7.21,7.32,7.29,7.81,7.51,8.09,7.69,7.8,8.39,8.75,9.04,9.08,9.41,8.82,9.43,9.78,9.4,10.09,9.88,9.57,10.55,10.19,10.36,10.51,11.14,11.3,10.76,10.84,11.17,11.96,12.11,11.96,12.19,12.32,12.33,12.03,12.21,13.15,12.5,12.83,12.87,13.79,13.78,13.55,14.13,13.85,14.42,13.74,14.1,14.97,14.27,14.37,15.43,15.39,14.89,15.53,15.68,15.31,16.15,16.28,16.05,16.24,16.54,16.11,16.54,16.85,16.68,16.82,17.13,17.29,17.5,17.45,18.26,17.92,17.99,18.28,19.04,18.88,19.34,19.11,19.05,19.58,19.91,19.78,19.37,20.25,20.08,20.26,19.88,20.56,20.7,20.62,20.93,21.04,20.92,21.24,21.26,30,30,30,30,30,30,30,30,30,30,30,30,30,30,30,30,30,30,30,30,30,30,30,30,30,30,30,30,30,30,30,30,30,30,30,30,30,30,30,30,30,30,30,30,30,30,30,30,30,30,30,30,30,30,30,30,30,30,30,30,30,30,30,30,30,30,30,30,30,30,30,30,30,30,30,30,30,30,30,30,30,30,30,30,30,30,30,30,30,30,30,30,30,30,30,30,30,30,30,30,30,30,30,30,30,30,30,30,30,30,30,30,30,30,30,30,30,30,30,30,30,30,30,30,30,30,30,30,30,30,30,30,30,30,30,30,30,30,30,30,30,30,30,30,30,30,30,30,30,30,30,30,30],[3.6,3.72,3,3.42,2.35,2.9,2.06,1.91,2.06,2.36,1.78,1.88,1.33,1.94,1.3,1.08,1.04,0.72,1.71,1.85,1.32,1.41,1.51,1.74,2.46,2.66,2.95,2.17,2.64,2.74,2.74,3.19,2.93,3.48,3.99,4.18,4.27,4.2,4.26,4.03,4.35,4.34,5.09,5.12,5.27,5.61,5.88,5.53,5.68,6.39,6.54,6.72,6.5,6.18,6.94,6.67,7.18,7.16,7.1,7.5,7.72,8.23,8.19,7.56,8.5,7.88,8.8,9.13,9.06,9.06,9.18,9.52,8.98,10,9.59,9.74,9.75,10.09,10.76,10.53,11.01,10.75,10.55,10.64,10.76,11.31,11.53,11.79,12.12,11.61,11.81,12.51,12.82,12.43,12.92,13.2,12.65,12.98,12.88,13.53,13.44,13.78,14.19,13.83,14.49,14.16,14.22,14.78,14.66,14.88,14.84,14.94,15.77,16.01,15.63,15.7,16.29,16.12,16.14,16.39,16.85,16.32,16.51,17.3,16.78,17.35,17.76,17.5,18.16,18.28,18.34,18.23,18.5,18.81,18.7,18.36,19.01,19.58,19.77,19.52,19.71,19.61,20.27,20.38,20.26,19.96,20.05,20.5,20.81,21.36,20.76,21.07,20.96,30,30,30,30,30,30,30,30,30,30,30,30,30,30,30,30,30,30,30,30,30,30,30,30,30,30,30,30,30,30,30,30,30,30,30,30,30,30,30,30,30,30,30,30,30,30,30,30,30,30,30,30,30,30,30,30,30,30,30,30,30,30,30,30,30,30,30,30,30,30,30,30,30,30,30,30,30,30,30,30,30,30,30,30,30,30,30,30,30,30,30,30,30,30,30,30,30,30,30,30,30,30,30,30,30,30,30,30,30,30,30,30,30,30,30,30,30,30,30,30,30,30,30,30,30,30,30,30,30,30,30,30,30,30,30,30,30,30,30,30,30,30,30,30,30,30,30,30,30,30,30,30,30],[3.7,3.83,3.5,3.57,3.21,2.38,2.66,2.08,2.36,1.79,1.88,2.02,2.01,2.01,1.93,1.36,0.72,0.53,1.01,0.92,1.18,2.04,2.22,2.11,2.52,2.54,2.3,2.21,2.66,3.28,3.13,3.53,2.99,3.9,3.48,3.5,3.8,4.37,3.67,4.07,4.04,5.1,4.97,4.95,5.37,5.69,5.21,5.32,5.49,5.31,5.9,5.88,6.12,6.16,6.95,6.66,7.09,6.56,7.62,7.41,7.48,7.42,8.01,7.87,8,7.83,8.78,8.46,8.26,8.44,9.33,9.14,9.42,9.53,9.24,10.07,9.35,10.49,9.69,9.99,10.47,11.07,10.84,11.23,10.96,11.03,11.67,11.41,11.9,11.99,12.22,12.1,12,12.18,12.45,12.36,12.45,12.78,13.06,13.71,13.83,13.64,13.95,14.21,14,14.58,14.59,14.4,15.06,14.93,14.58,14.94,15.18,14.95,15.4,15.28,16.05,15.77,16.23,15.93,16.39,16.97,16.29,17.21,16.93,17.56,17.56,17.91,17.76,17.7,18.33,18.44,18.72,18.17,18.78,18.45,19.12,19.1,19.16,19.46,19.82,19.51,19.58,20.29,19.84,20.58,20.84,20.16,20.69,20.85,20.61,21.18,21.34,30,30,30,30,30,30,30,30,30,30,30,30,30,30,30,30,30,30,30,30,30,30,30,30,30,30,30,30,30,30,30,30,30,30,30,30,30,30,30,30,30,30,30,30,30,30,30,30,30,30,30,30,30,30,30,30,30,30,30,30,30,30,30,30,30,30,30,30,30,30,30,30,30,30,30,30,30,30,30,30,30,30,30,30,30,30,30,30,30,30,30,30,30,30,30,30,30,30,30,30,30,30,30,30,30,30,30,30,30,30,30,30,30,30,30,30,30,30,30,30,30,30,30,30,30,30,30,30,30,30,30,30,30,30,30,30,30,30,30,30,30,30,30,30,30,30,30,30,30,30,30,30,30],[3.57,3.16,3.44,3.35,3.08,2.75,2.97,2.31,2.26,2.49,2.08,2.53,2.02,1.86,1.49,1.55,1.71,1.01,1.28,0.73,1.52,1.6,1.52,1.63,2.04,1.57,1.77,2.17,2.37,3.01,2.94,2.64,2.92,3.09,3.63,3.61,3.77,3.73,4.41,4.55,4.14,4.58,4.75,4.92,4.59,4.55,5.68,5.64,5.9,5.33,5.76,5.53,5.63,6.64,6.36,6.87,6.52,6.73,7.26,7.47,7.49,7.24,7.68,7.72,7.7,8.4,7.76,8.03,8.07,8.36,9.19,8.95,8.85,9.06,9.28,9.96,9.67,9.65,10.45,9.96,10.72,10.83,10.64,11.03,10.46,10.64,11.11,11.79,11.94,11.31,11.46,11.84,11.73,12.06,12.23,13.03,12.3,12.74,13.39,13.01,13.38,13.75,13.84,13.78,13.47,14.48,14.7,14.12,14.06,14.16,14.97,15.19,15.39,15.12,15.01,15.6,15.96,15.65,15.71,15.95,16.68,16.67,17.01,17.05,16.89,17,17.56,17.35,17.29,17.53,17.41,17.9,17.64,18.64,18.2,18.8,18.23,19.29,19.06,19.1,19.26,19.7,19.77,19.64,20.2,19.55,20.28,20.64,20.1,20.72,20.89,20.82,20.81,30,30,30,30,30,30,30,30,30,30,30,30,30,30,30,30,30,30,30,30,30,30,30,30,30,30,30,30,30,30,30,30,30,30,30,30,30,30,30,30,30,30,30,30,30,30,30,30,30,30,30,30,30,30,30,30,30,30,30,30,30,30,30,30,30,30,30,30,30,30,30,30,30,30,30,30,30,30,30,30,30,30,30,30,30,30,30,30,30,30,30,30,30,30,30,30,30,30,30,30,30,30,30,30,30,30,30,30,30,30,30,30,30,30,30,30,30,30,30,30,30,30,30,30,30,30,30,30,30,30,30,30,30,30,30,30,30,30,30,30,30,30,30,30,30,30,30,30,30,30,30,30,30],[4.03,4.17,3.94,3.34,2.9,3.08,3.32,2.33,2.44,2.6,2.32,1.85,2.51,1.67,1.84,1.5,1.85,0.92,0.73,0.92,1.58,1.25,1.33,1.67,1.7,1.52,2.17,2.06,2.6,2.71,2.65,2.39,2.46,3.23,3.69,3.13,3.62,3.51,4.14,4.06,4.23,3.92,4.87,4.9,4.42,5.32,4.95,5.66,5.21,5.77,6.07,5.91,6.05,6.58,6.74,6.02,6.18,7.16,6.51,6.69,7.17,7.2,7.12,7.31,7.38,8.1,8.41,8,8.47,8.44,8.17,8.54,8.57,8.68,9.43,9.47,9.62,10,10.25,10.16,9.97,9.91,10.26,10.24,10.87,11.34,11.45,11.35,11.14,11.32,11.69,11.95,12.4,12.07,12.41,12.66,12.21,12.89,12.4,13.06,12.69,13.44,13.92,13.16,13.88,13.88,13.99,13.91,14.77,14.41,14.75,14.69,14.74,15.54,15.36,15.74,15.42,15.82,15.94,16.15,15.91,16.57,16.54,16.41,16.56,16.69,17.26,17.6,17.2,17.14,17.16,17.76,17.73,17.7,18.51,18.29,18.5,18.75,18.95,18.58,18.92,18.93,19.39,19.58,19.99,19.78,20.13,20.28,20.81,20.8,20.43,21.29,21.15,30,30,30,30,30,30,30,30,30,30,30,30,30,30,30,30,30,30,30,30,30,30,30,30,30,30,30,30,30,30,30,30,30,30,30,30,30,30,30,30,30,30,30,30,30,30,30,30,30,30,30,30,30,30,30,30,30,30,30,30,30,30,30,30,30,30,30,30,30,30,30,30,30,30,30,30,30,30,30,30,30,30,30,30,30,30,30,30,30,30,30,30,30,30,30,30,30,30,30,30,30,30,30,30,30,30,30,30,30,30,30,30,30,30,30,30,30,30,30,30,30,30,30,30,30,30,30,30,30,30,30,30,30,30,30,30,30,30,30,30,30,30,30,30,30,30,30,30,30,30,30,30,30],[3.95,3.55,3.53,3.86,3.39,3.71,2.64,2.89,2.36,2.84,2.09,2.02,1.96,1.77,1.6,2.04,1.32,1.18,1.52,1.58,0.92,1.16,1.46,1.44,1.48,1.27,1.99,1.7,1.9,2.28,2.94,2.57,2.53,2.77,2.93,2.96,3.65,4,3.67,3.97,4.27,4.48,4.17,4.03,4.89,4.54,4.48,4.58,5.22,4.89,5.8,5.5,5.43,5.83,6.49,6.26,6.52,6.78,7.12,6.4,6.68,7.22,7.61,7.36,8.1,7.66,8.04,7.66,7.7,8.68,8.87,8.19,9.16,8.55,9.12,8.76,9.52,9.62,9.89,9.5,9.53,10.29,10.62,10.85,10.61,10.27,10.47,11.01,11.15,11.14,11.81,11.6,11.44,12.43,11.71,12.61,12.57,12.08,13.06,13.19,13.09,12.68,13,13.17,13.57,13.61,14.24,14.23,13.74,14.01,14.28,14.98,15.19,15.15,14.84,15.68,15.31,15.34,15.59,15.75,16.35,16.22,16.39,16.79,16.86,16.96,17.11,16.93,17.13,17.68,17.91,17.42,18.21,18.43,17.62,18.58,18.72,18.74,18.74,19.15,18.62,18.94,19.34,19.79,19.52,19.78,19.81,20.47,19.83,20.74,20.66,20.34,21.09,30,30,30,30,30,30,30,30,30,30,30,30,30,30,30,30,30,30,30,30,30,30,30,30,30,30,30,30,30,30,30,30,30,30,30,30,30,30,30,30,30,30,30,30,30,30,30,30,30,30,30,30,30,30,30,30,30,30,30,30,30,30,30,30,30,30,30,30,30,30,30,30,30,30,30,30,30,30,30,30,30,30,30,30,30,30,30,30,30,30,30,30,30,30,30,30,30,30,30,30,30,30,30,30,30,30,30,30,30,30,30,30,30,30,30,30,30,30,30,30,30,30,30,30,30,30,30,30,30,30,30,30,30,30,30,30,30,30,30,30,30,30,30,30,30,30,30,30,30,30,30,30,30],[3.75,3.61,4.1,3.59,3.35,3.25,2.87,3.28,2.71,3.26,2.31,2.09,2.36,2.28,2.3,1.65,1.41,2.04,1.6,1.25,1.16,1.39,0.66,1.66,1.19,1.47,1.3,2.29,1.83,2.26,2.78,2.98,2.99,2.31,3.23,3.12,2.92,3.53,3.47,3.72,4.26,4.09,4.18,4.8,4.32,4.46,4.78,5.28,4.62,4.78,5.68,5.14,5.83,5.84,5.95,6.28,6.63,6.19,6.95,6.27,6.39,7.02,6.79,7.66,7.24,7.6,7.81,8.32,8.45,7.79,8.17,8.58,9.02,9.26,9.38,8.73,8.8,9.67,9.67,10.08,10.19,9.95,10.22,10.33,10.94,10.44,10.42,10.5,11.44,11.52,11.69,11.85,11.9,12.27,12.13,11.97,12.22,12.37,12.6,12.61,13.3,13.29,13.57,13.17,13.74,13.51,13.56,13.92,13.85,13.9,14.06,14.29,14.69,14.55,14.69,15.4,15.54,15.67,15.34,15.48,16.16,15.58,16.22,15.95,16.35,16.84,16.62,17.09,17.18,17.61,17.35,17.38,17.9,17.54,17.9,18.53,18.11,18.38,18.95,18.95,18.57,19.41,18.75,18.96,18.99,19.31,20.23,19.48,19.62,20.2,20.38,20.44,20.4,30,30,30,30,30,30,30,30,30,30,30,30,30,30,30,30,30,30,30,30,30,30,30,30,30,30,30,30,30,30,30,30,30,30,30,30,30,30,30,30,30,30,30,30,30,30,30,30,30,30,30,30,30,30,30,30,30,30,30,30,30,30,30,30,30,30,30,30,30,30,30,30,30,30,30,30,30,30,30,30,30,30,30,30,30,30,30,30,30,30,30,30,30,30,30,30,30,30,30,30,30,30,30,30,30,30,30,30,30,30,30,30,30,30,30,30,30,30,30,30,30,30,30,30,30,30,30,30,30,30,30,30,30,30,30,30,30,30,30,30,30,30,30,30,30,30,30,30,30,30,30,30,30],[4.12,3.8,3.74,3.4,3.99,3.38,3.05,3.41,2.8,3.12,2.63,2.75,2.23,1.87,2.33,2.41,1.51,2.22,1.52,1.33,1.46,0.66,0.85,0.75,1.72,0.95,2.04,1.36,2.29,2.28,2.39,1.91,2.36,2.54,2.8,2.85,3.16,2.8,3.24,3.09,3.23,4.17,3.96,3.91,4.12,4.81,4.8,4.85,4.43,4.7,5.28,5.06,5.83,5.84,5.81,5.49,5.64,6.72,6.9,6.66,6.72,6.46,6.78,7.26,6.94,7.12,7.3,7.39,7.86,7.94,8.23,8.52,8.49,8.15,9.3,9.25,8.76,9.35,9.39,9.24,9.84,9.48,10.25,10.6,10.43,10.13,10.67,10.84,11.31,10.98,11.01,11.32,11.44,11.75,12.17,11.69,11.78,11.79,12.41,12.78,13.06,12.76,13.42,13.17,13.53,13.53,13.1,13.86,14.1,13.97,14.03,14.67,14.39,15.06,15.24,14.69,15.57,15.44,15.18,16.05,16.05,15.66,16.13,16.56,15.88,16.05,16.6,16.98,16.83,17.51,16.99,17.42,17.09,17.93,17.68,18.19,17.64,18.17,18.5,18.44,18.6,18.42,19.11,18.98,19.26,19.16,19.9,20.23,19.68,19.66,19.73,20.31,20.42,30,30,30,30,30,30,30,30,30,30,30,30,30,30,30,30,30,30,30,30,30,30,30,30,30,30,30,30,30,30,30,30,30,30,30,30,30,30,30,30,30,30,30,30,30,30,30,30,30,30,30,30,30,30,30,30,30,30,30,30,30,30,30,30,30,30,30,30,30,30,30,30,30,30,30,30,30,30,30,30,30,30,30,30,30,30,30,30,30,30,30,30,30,30,30,30,30,30,30,30,30,30,30,30,30,30,30,30,30,30,30,30,30,30,30,30,30,30,30,30,30,30,30,30,30,30,30,30,30,30,30,30,30,30,30,30,30,30,30,30,30,30,30,30,30,30,30,30,30,30,30,30,30],[4.79,4.18,3.72,4.33,4.11,3.23,3.21,3.65,3.25,2.67,3.38,3.02,2.49,2.41,2.02,2.6,1.74,2.11,1.63,1.67,1.44,1.66,0.75,1,1.52,0.83,1.12,1.71,1.91,1.88,2.03,2.62,2.24,2.27,2.58,2.52,2.75,3.25,3.13,3.31,3.19,4.07,4.06,4.04,4.45,4.35,4.24,4.46,4.63,4.68,5.01,5.65,4.95,5.12,5.94,5.5,5.74,5.91,6.12,6.19,6.49,6.94,6.49,7.19,7.03,7.24,7.45,7.74,8.19,7.82,8.07,8.33,8.82,8.41,8.88,9.26,9.33,9.16,9.47,8.92,9.49,10.2,9.83,9.94,10.49,10.56,10.67,10.63,10.41,11.21,11.2,11.7,11.45,11.74,11.95,11.98,11.93,11.89,12.05,12.35,12.5,12.99,12.72,12.72,13.1,13.03,13.07,13.62,13.67,13.7,14.36,14.39,14.73,14.02,15.06,14.64,14.52,15.16,14.92,15.67,15.11,16.17,15.35,16.05,16.41,16.37,16.86,16.74,16.67,16.55,16.73,17.07,16.89,17.1,17.23,17.56,17.57,18.09,18.13,18.5,18.74,19.13,18.71,19.41,18.7,18.8,19.54,19.12,19.58,20.3,20.16,19.84,20.6,30,30,30,30,30,30,30,30,30,30,30,30,30,30,30,30,30,30,30,30,30,30,30,30,30,30,30,30,30,30,30,30,30,30,30,30,30,30,30,30,30,30,30,30,30,30,30,30,30,30,30,30,30,30,30,30,30,30,30,30,30,30,30,30,30,30,30,30,30,30,30,30,30,30,30,30,30,30,30,30,30,30,30,30,30,30,30,30,30,30,30,30,30,30,30,30,30,30,30,30,30,30,30,30,30,30,30,30,30,30,30,30,30,30,30,30,30,30,30,30,30,30,30,30,30,30,30,30,30,30,30,30,30,30,30,30,30,30,30,30,30,30,30,30,30,30,30,30,30,30,30,30,30],[4.23,4.19,4.48,4.6,3.55,4.28,3.88,3.14,3.01,3.44,3.15,2.49,2.78,2.98,2.18,1.96,2.46,2.52,2.04,1.7,1.48,1.19,1.72,1.52,0.53,0.94,1.78,1.6,1.87,1.65,1.67,2.5,2.01,2.27,2.17,2.7,2.72,3.43,3.25,3.28,3.03,3.17,3.9,3.88,4.24,4.64,4.16,4.18,5.03,4.74,4.66,4.81,4.72,5,5.13,5.61,5.62,5.89,6.19,6.62,5.97,6.99,6.6,7.14,7.06,6.9,7.72,7.19,7.34,7.67,7.63,7.93,8.41,8.72,8.25,8.92,8.98,8.58,9.36,9.09,9.1,9.1,9.97,9.71,9.87,9.88,10.72,10.81,10.24,11.24,11.23,10.95,11.25,10.87,11.98,12.03,11.55,11.48,12.21,11.85,12.06,12.94,13.17,13.27,12.56,13.25,13.67,13.56,13.78,13.31,13.94,14.2,14.51,14.24,14.29,14.2,14.41,14.58,14.68,15.57,14.96,15.06,15.23,15.58,16.1,16.45,16.36,16.26,16.7,16.9,17.37,17.37,16.8,17.04,17.91,17.83,17.54,17.94,18.44,17.84,18.12,18.44,18.29,18.65,19.24,19.23,19.45,19.59,19.34,19.84,19.49,20.14,20.18,30,30,30,30,30,30,30,30,30,30,30,30,30,30,30,30,30,30,30,30,30,30,30,30,30,30,30,30,30,30,30,30,30,30,30,30,30,30,30,30,30,30,30,30,30,30,30,30,30,30,30,30,30,30,30,30,30,30,30,30,30,30,30,30,30,30,30,30,30,30,30,30,30,30,30,30,30,30,30,30,30,30,30,30,30,30,30,30,30,30,30,30,30,30,30,30,30,30,30,30,30,30,30,30,30,30,30,30,30,30,30,30,30,30,30,30,30,30,30,30,30,30,30,30,30,30,30,30,30,30,30,30,30,30,30,30,30,30,30,30,30,30,30,30,30,30,30,30,30,30,30,30,30],[5.15,4.6,4.48,4.27,4.61,3.78,3.88,3.45,3.41,3.48,3.66,2.97,2.66,2.43,2.73,2.92,2.66,2.54,1.57,1.52,1.27,1.47,0.95,0.83,0.94,0.98,1.38,1.15,1.16,1.29,2.25,1.53,2.5,2.01,2.17,2.57,2.29,3.19,3.4,2.93,3.21,3.29,3.16,4.09,3.67,4,3.86,4.22,4.73,5.07,4.59,4.48,5.4,5.43,4.98,5.87,5.47,5.93,5.73,5.81,5.87,6.03,6.78,6.42,7.09,7.21,7.49,7.25,7.62,7.4,7.86,8.06,7.98,7.92,8.1,8.55,8.79,9.11,9.25,9.44,9.42,9.1,9.15,10.1,10.3,9.71,9.81,10.3,10.79,11.05,11.11,10.73,10.64,11.69,11.25,11.94,12.03,11.83,12.02,12.45,11.95,12.61,12.26,12.81,12.56,13.22,13.58,13.26,13.25,13.7,13.54,13.5,13.81,13.97,14.27,14.32,14.68,14.36,14.64,15.02,15.44,15.11,15.72,15.34,15.51,16.26,16.23,16.51,16.52,16.33,17.15,16.61,16.88,17.51,17.45,17.87,17.27,17.33,18.27,18.08,18.29,18.34,19.02,18.46,18.59,19.12,19.14,18.99,19.71,19.45,19.59,20.09,19.56,30,30,30,30,30,30,30,30,30,30,30,30,30,30,30,30,30,30,30,30,30,30,30,30,30,30,30,30,30,30,30,30,30,30,30,30,30,30,30,30,30,30,30,30,30,30,30,30,30,30,30,30,30,30,30,30,30,30,30,30,30,30,30,30,30,30,30,30,30,30,30,30,30,30,30,30,30,30,30,30,30,30,30,30,30,30,30,30,30,30,30,30,30,30,30,30,30,30,30,30,30,30,30,30,30,30,30,30,30,30,30,30,30,30,30,30,30,30,30,30,30,30,30,30,30,30,30,30,30,30,30,30,30,30,30,30,30,30,30,30,30,30,30,30,30,30,30,30,30,30,30,30,30],[5.01,5.1,4.13,4.35,4.6,3.87,4.14,3.68,3.52,3.84,3.15,2.85,3.01,2.52,2.83,2.23,2.95,2.3,1.77,2.17,1.99,1.3,2.04,1.12,1.78,1.38,0.94,1.59,1.17,1.2,2.03,1.36,1.44,2.11,2.01,2.29,2.66,2.29,3.25,2.88,3.02,3.44,2.99,3.07,3.98,4.1,4.17,4.5,3.9,4.13,5,4.4,5.1,4.65,5.67,5.51,5.26,5.62,5.91,5.79,6.46,5.78,6.49,6.78,7.07,6.75,6.96,6.81,7.28,7.34,7.27,7.37,8.07,8.12,8.2,8.03,8.26,8.74,8.56,8.91,9.08,9.38,9.75,9.45,9.42,10.17,10.39,10.44,9.92,10.41,10.63,10.92,10.95,10.59,11.25,11.82,11.61,12,11.76,12.33,12.32,12.73,12.77,12.53,12.67,13.29,12.65,13.05,13.76,13.9,13.21,13.57,13.79,14.54,14.07,14.34,14.48,14.62,15.27,14.74,15.14,15.44,15.62,15.34,15.74,15.65,16.31,15.84,16.44,16.6,17.08,17.14,17.03,16.63,17.34,17.04,17.9,17.29,17.49,17.76,17.82,18.45,17.94,18.87,18.82,19.29,19.17,18.69,19.46,19.02,19.79,19.42,19.45,30,30,30,30,30,30,30,30,30,30,30,30,30,30,30,30,30,30,30,30,30,30,30,30,30,30,30,30,30,30,30,30,30,30,30,30,30,30,30,30,30,30,30,30,30,30,30,30,30,30,30,30,30,30,30,30,30,30,30,30,30,30,30,30,30,30,30,30,30,30,30,30,30,30,30,30,30,30,30,30,30,30,30,30,30,30,30,30,30,30,30,30,30,30,30,30,30,30,30,30,30,30,30,30,30,30,30,30,30,30,30,30,30,30,30,30,30,30,30,30,30,30,30,30,30,30,30,30,30,30,30,30,30,30,30,30,30,30,30,30,30,30,30,30,30,30,30,30,30,30,30,30,30],[5.24,4.87,4.49,4.27,4.62,4.65,4.1,4.47,3.82,4.03,3.86,2.94,3.16,3.28,2.55,3.2,2.17,2.21,2.17,2.06,1.7,2.29,1.36,1.71,1.6,1.15,1.59,1.02,1.22,1.12,1.23,1.1,1.57,2.14,2.31,2.03,1.9,2.3,2.98,2.61,2.52,3.14,3.33,3.77,3.7,3.66,4.28,3.92,3.68,4.42,4.22,4.92,4.79,4.43,5.51,5.33,5.8,5.26,5.81,5.4,5.82,6.08,5.88,6.61,6.56,6.96,6.37,6.75,6.77,7.38,7.33,7.25,7.81,7.81,8.3,8.65,7.93,8.6,8.49,8.55,9.31,9,9.32,9.52,9.1,9.71,9.41,10.12,10.28,10.69,10.91,11.07,10.52,11.11,10.92,11.07,11.23,11.26,11.52,11.71,11.91,12.13,12,12.42,12.45,12.94,12.98,13.37,12.87,12.89,13.73,14.05,13.39,13.59,14.54,14.15,14.76,14.61,14.2,14.85,14.87,14.64,14.89,15.79,15.62,15.21,15.55,15.54,16.41,15.84,16.21,16.78,16.68,17.16,17.11,16.74,17.24,17.57,17.32,18.02,18.22,17.68,17.98,18.72,18.3,18.21,18.93,18.95,19.35,19.68,19.81,19.99,19.99,30,30,30,30,30,30,30,30,30,30,30,30,30,30,30,30,30,30,30,30,30,30,30,30,30,30,30,30,30,30,30,30,30,30,30,30,30,30,30,30,30,30,30,30,30,30,30,30,30,30,30,30,30,30,30,30,30,30,30,30,30,30,30,30,30,30,30,30,30,30,30,30,30,30,30,30,30,30,30,30,30,30,30,30,30,30,30,30,30,30,30,30,30,30,30,30,30,30,30,30,30,30,30,30,30,30,30,30,30,30,30,30,30,30,30,30,30,30,30,30,30,30,30,30,30,30,30,30,30,30,30,30,30,30,30,30,30,30,30,30,30,30,30,30,30,30,30,30,30,30,30,30,30],[5.67,5.26,4.81,5.11,4.3,4.77,4.21,4.22,3.63,4.31,3.46,3.73,3.19,3.52,3.31,2.78,2.64,2.66,2.37,2.6,1.9,1.83,2.29,1.91,1.87,1.16,1.17,1.22,1.35,1.18,1.5,1.91,1.79,1.74,1.63,2.35,2.5,2.82,2.12,2.48,3.16,2.57,3.21,3.65,3.84,3.64,4.09,3.95,3.91,4.17,3.97,4.14,5.09,4.46,4.42,4.78,4.96,5.28,5.8,5.44,5.42,6.25,5.76,6.02,6.02,6.09,6.77,6.54,7.16,7.49,7.02,7.77,7.67,7.5,7.54,8.46,8.45,8.57,8.69,8.95,8.43,8.84,9.04,9.37,9.82,9.32,9.6,9.4,10.01,10.54,10.29,10.91,10.53,10.5,10.63,10.63,11.2,11.52,11.85,11.53,11.99,11.51,12.46,11.82,12.37,12.19,12.95,13.03,12.91,12.66,13.33,13.84,13.11,14.06,14.22,13.8,14.38,14.51,14.33,14.89,14.58,15.27,15.33,15.59,15.03,15.77,15.77,16.22,15.92,16.56,16.75,16.86,16.83,17.18,17.14,17.37,17.14,17.52,17.72,18.07,17.44,17.48,18.42,18.08,18.84,18.48,18.66,18.83,18.81,19.34,19.17,19.79,19.77,30,30,30,30,30,30,30,30,30,30,30,30,30,30,30,30,30,30,30,30,30,30,30,30,30,30,30,30,30,30,30,30,30,30,30,30,30,30,30,30,30,30,30,30,30,30,30,30,30,30,30,30,30,30,30,30,30,30,30,30,30,30,30,30,30,30,30,30,30,30,30,30,30,30,30,30,30,30,30,30,30,30,30,30,30,30,30,30,30,30,30,30,30,30,30,30,30,30,30,30,30,30,30,30,30,30,30,30,30,30,30,30,30,30,30,30,30,30,30,30,30,30,30,30,30,30,30,30,30,30,30,30,30,30,30,30,30,30,30,30,30,30,30,30,30,30,30,30,30,30,30,30,30],[5.22,5.55,4.86,4.46,4.89,5.08,4,4.5,4.39,3.85,3.83,4.12,3.35,3.73,2.8,2.89,2.74,3.28,3.01,2.71,2.28,2.26,2.28,1.88,1.65,1.29,1.2,1.12,1.18,0.79,1.28,1.72,1.35,1.77,1.31,2.17,2.52,2.16,2.77,2.59,3.14,2.36,2.5,3.27,3.08,3.39,3.13,3.41,3.67,3.99,4.57,4.25,4.05,4.24,4.56,5.23,5.21,4.76,5.63,5.16,5.64,5.6,6.01,6.14,5.89,5.98,6.86,6.61,6.99,6.93,7.33,6.89,7.79,7.75,7.95,7.91,8.26,8.08,8.45,8.29,8.94,8.93,8.9,8.85,9.67,9.05,9.8,9.82,9.42,9.72,10.21,10.03,9.99,10.98,10.9,10.46,11.54,11.7,11.33,11.26,11.48,11.7,11.79,12.11,12.14,12.07,12.38,12.4,12.51,13.07,13.05,13.67,13.35,13.8,13.96,13.73,13.59,13.99,14.79,14.52,14.72,14.59,14.54,14.97,15.21,15.23,15.76,16.17,16.02,16.27,16.32,16.06,16.35,16.39,16.89,17.1,17.23,16.82,17.22,17.42,17.71,17.4,18,18.19,17.99,18.21,18.55,18.73,18.47,19.33,19.02,19.22,19.82,30,30,30,30,30,30,30,30,30,30,30,30,30,30,30,30,30,30,30,30,30,30,30,30,30,30,30,30,30,30,30,30,30,30,30,30,30,30,30,30,30,30,30,30,30,30,30,30,30,30,30,30,30,30,30,30,30,30,30,30,30,30,30,30,30,30,30,30,30,30,30,30,30,30,30,30,30,30,30,30,30,30,30,30,30,30,30,30,30,30,30,30,30,30,30,30,30,30,30,30,30,30,30,30,30,30,30,30,30,30